epoch50     epoch61
100.21261	62.90817
42.64507	26.57889
32.44327	34.54577
25.35053	49.37790
28.29577	25.60885
9.20738	18.62729
41.74555	38.60977
10.38261	0.32250
-10.13979	-0.72097
-7.55010	1.37778
-0.02603	0.74438
-55.79470	-48.11822
10.88811	7.54096
16.61194	14.60384
-19.41774	-17.38263
-56.03636	-66.69239
-35.44011	-37.83464
-5.85668	13.37443
-63.90726	-79.28623
4.24608	-11.61980
20.65962	15.05391
-11.53079	8.34153
-37.09036	-30.24952
-63.24889	-49.53930
1.40011	13.43541
-16.58847	-10.63254
3.20984	-5.54312
9.41165	4.86980
10.19318	4.92459
-40.74749	-44.73324
-1.77615	13.05527
3.12647	18.48328
-13.39193	-2.17825
21.96628	20.02500
-2.38548	8.19300
-6.14658	-18.73932
-5.86980	-13.92399
-39.09156	-44.47757
-70.26448	-79.84017
-16.20029	-19.81708
-52.61297	-55.93286
-15.91579	-12.05575
-6.45503	-15.33486
-23.38957	-27.15871
-15.35157	14.69235
-33.29963	-33.54273
-17.98085	-19.38213
-13.48544	-1.55286
17.68708	27.51116
44.66720	66.30073
9.74926	19.98363
-12.57277	-16.42679
8.99175	21.09172
-12.17337	-2.69102
-13.46041	8.96011
-6.17249	-9.60756
-11.56756	-9.65264
-5.12776	-17.50346
-6.77057	-13.44204
-8.93001	-17.40342
-4.89956	-9.78535
13.70023	15.26658
-102.42007	-114.33755
-31.74598	-36.91717
-65.57413	-70.20458
-5.40498	-3.27817
19.03215	10.04634
-21.95865	-19.23456
5.42830	2.62802
6.84728	14.71179
-7.10642	10.48533
11.67194	-20.13892
-1.71474	-4.72029
-16.70483	-22.09350
-15.03806	-19.36754
-11.18525	-20.47202
-1.83410	-12.58337
-8.31252	-11.70730
-20.12061	-13.62262
-7.99935	5.31517
6.60686	14.07480
-15.58070	-15.86758
-4.62745	-8.21306
-2.41540	8.20492
-20.00581	-3.86098
-1.08309	-8.06679
-47.35113	-45.93432
-13.33313	-4.81193
-34.54657	-35.05578
5.15031	4.39683
-36.56773	-49.36919
-18.90354	-19.58749
-22.22161	-33.56562
-5.61437	-12.16928
-45.99844	-57.15134
-17.50209	-24.14931
34.32648	28.57348
26.35559	23.66271
85.30872	57.70168
25.26500	15.91457
24.02327	31.07657
14.79711	27.20938
4.54871	28.86186
-2.23982	12.07682
4.09755	6.12236
-12.99743	4.94264
8.04657	9.82647
-1.73737	-1.17062
11.33870	17.51341
12.09894	14.55953
4.59677	-1.89885
-75.71588	-78.88445
2.17604	7.32707
7.76507	5.67810
11.58095	-2.48450
-4.48439	4.12562
3.68706	5.22172
1.31386	4.93320
20.01768	19.92787
13.70427	22.53090
-2.76357	-14.33444
4.84014	4.54213
3.66395	3.69390
10.68944	17.05523
11.55543	17.31336
6.38879	7.22459
6.11517	9.22875
27.42017	25.94553
18.32412	-0.94823
-0.32181	-0.27778
-8.22026	0.68111
-6.05175	-13.88483
-20.21489	-23.03655
12.88151	2.65837
-8.72892	-8.27009
2.82537	6.63467
27.19071	28.50538
5.13389	9.16159
0.01168	7.01082
15.86511	17.43862
9.66747	0.75224
9.49146	5.55909
-6.16886	-4.31405
1.53120	-3.68817
5.49464	28.44366
-12.72027	-24.39506
12.93727	34.72116
62.38981	94.38571
21.85539	38.71357
7.36549	-3.80076
0.26277	28.37423
-4.10528	-1.33006
-37.91143	-38.35623
-15.25064	-24.04973
-10.82715	-10.48666
-80.61056	-87.17464
-26.95077	-23.65301
-15.56019	-13.19417
13.76319	11.83570
-31.18322	-37.16962
-31.91361	-34.18605
0.13437	-9.61710
-1.54116	-4.85044
0.12730	-19.27160
14.31697	2.56713
7.31452	8.34100
6.33479	-7.13470
-56.28836	-61.22757
-23.03004	-11.58569
-8.80827	-3.91967
-21.28732	-17.68664
12.28900	2.09090
-2.30753	-9.61650
7.29157	9.26449
-5.36585	-22.15417
18.89558	27.20728
39.23662	45.74381
-22.68279	-16.85036
-5.36504	-0.47818
-74.31364	-79.51303
0.16394	-9.32918
-13.75278	-26.49708
-47.68804	-48.94564
-14.19798	-11.83481
45.07927	40.02801
-3.25641	-7.74775
-96.77543	-105.54913
-39.21677	-31.94561
9.98327	27.78352
-37.43339	-31.07779
-20.11687	-17.90956
-6.76989	-24.95567
-5.83822	-7.79666
-13.22323	5.82561
-17.88874	-16.19491
-11.44843	-24.40870
60.39930	56.75896
-57.94501	-53.99845
-13.25884	-25.62627
-21.24422	-24.95512
-16.60595	-23.08631
-31.68558	-36.88150
-20.79743	-10.33677
-42.55651	-48.89780
-21.79644	-13.94374
-16.03025	-14.01334
1.18365	-8.18815
-40.96844	-51.60074
-29.83640	-32.52956
-33.97810	-28.80209
-20.38961	-11.43415
-39.52452	-31.55172
-47.39027	-53.43170
-16.57725	-23.00853
-15.81147	-6.99427
-84.91119	-87.56217
-38.21874	-38.53971
-47.47134	-48.46994
-38.59235	-34.14173
-14.88807	-29.34041
-45.40823	-46.52715
-14.18969	-20.50843
-26.23154	-22.87621
-9.88316	-16.04717
1.55316	-2.86884
-7.46494	-16.93736
-28.77530	-32.04167
-47.96700	-51.18660
-39.27059	-52.94280
-55.17108	-60.69844
-10.23533	-11.11671
-25.07800	-22.56749
-24.09511	-20.68897
-22.34084	-23.73046
-47.37675	-53.58393
-107.21902	-110.05866
-36.40041	-26.44967
-62.42566	-65.49127
-17.75349	-18.08568
-27.97275	-36.44151
18.40757	26.47376
0.01072	22.71741
23.21238	28.39692
18.29373	10.14500
2.85088	14.84275
39.60384	45.74837
12.73776	11.64596
10.51456	7.85416
23.84089	18.06325
15.65484	6.92013
15.10658	10.91625
12.26014	13.13097
14.86164	8.88788
19.95181	9.32280
28.38414	28.73056
16.82494	28.12068
26.38156	23.73663
17.62351	18.73229
3.12233	8.41519
9.74208	9.29194
-27.47032	-29.08923
9.40482	12.87657
24.40592	19.62093
21.38153	26.34496
-9.37962	-1.48188
5.38808	18.65451
16.40379	26.08533
11.25728	26.10388
28.53821	30.51885
0.76741	-4.24108
12.15221	12.38107
17.35084	-4.74140
14.63625	16.52251
11.19889	6.43397
10.40719	8.25689
9.72806	12.36251
9.90339	7.79973
26.70359	25.75133
15.32518	13.08359
12.77101	16.47076
34.38670	36.75696
13.03383	13.08004
19.28320	24.30859
15.03070	11.17564
19.37630	12.09620
-12.54900	-12.61485
16.65829	21.26698
15.51430	17.11592
-0.52421	8.16477
0.53827	2.25346
10.39009	1.39817
0.43229	2.24229
-0.35827	12.64593
-33.72453	-42.27601
47.92198	57.95928
-16.81324	-21.80423
-20.99453	-14.10477
-3.73873	-3.53148
-22.80914	-17.69099
-44.15784	-29.17013
-9.76184	-13.27923
-7.25581	-16.03260
-23.37098	-10.37324
-12.11349	-8.79588
-15.18556	-13.91238
-9.36333	-15.07237
-1.07077	2.84501
-32.69714	-46.28106
-54.13954	-52.85125
-26.04390	-20.26831
-12.84066	-24.72963
-16.17278	-9.49866
-21.98331	-15.06073
-72.42381	-84.59549
-40.93295	-47.79436
-15.68038	-14.84495
-11.33908	-11.70636
-17.36964	-4.47397
-23.79928	-28.73131
-27.18379	-29.12860
10.88490	5.37344
-30.50536	-33.35795
-10.05201	-9.35232
-63.60140	-60.66267
-20.06063	-27.36020
-24.97865	-27.88567
-53.52610	-60.09091
-18.09325	-10.43149
13.30550	12.36515
-18.22403	-23.62924
-25.24061	-25.56327
-26.46931	-33.67947
-14.65476	-14.96902
-14.99032	-18.58130
-35.88861	-38.75878
-12.35665	-15.93800
15.27804	6.36609
7.14539	11.81675
2.18717	7.61434
0.35828	-1.54892
-9.47242	-14.51896
2.65732	0.68931
10.60405	2.22447
41.61494	42.05340
-23.45861	-25.45472
7.04157	0.79510
21.14276	7.27823
17.77915	14.86628
14.43081	13.93190
-2.88432	-7.25634
12.29636	21.29661
-23.74149	-25.23942
11.71690	11.73881
-6.60735	3.45969
-3.51518	-1.06977
-1.08977	-3.75224
5.52206	5.60235
-38.72057	-41.15635
-1.32732	-1.25971
-3.14440	-5.43765
7.89632	-20.87257
1.26111	0.49280
-2.53291	7.85548
-7.22093	2.81525
-1.51773	7.59381
-8.44159	-7.18617
-0.88239	-0.73825
-11.94732	-6.94304
25.76548	23.47823
24.39212	27.90656
-6.30033	5.55326
-18.70127	-20.21616
15.97109	-14.84917
-9.93079	-4.25806
6.40374	9.76391
-0.64286	5.93611
28.54299	33.64409
-22.21982	-24.72260
14.46482	12.04063
6.82309	16.27452
2.78632	11.77078
-3.99341	-7.29311
-7.64998	-8.81238
-12.14238	-6.27755
0.54933	-5.08585
-7.46279	-7.89284
-40.76365	-46.45056
-30.64292	-33.24170
16.36833	9.26059
-5.26529	-8.31121
-25.69649	-23.58220
-22.94655	-22.93246
55.63833	68.92430
-8.94433	-3.22818
-1.34399	3.85197
-46.39311	-48.77642
-9.53284	-8.79248
-16.55211	-12.04044
-20.73252	-22.45273
-16.37441	-16.13723
-7.66107	0.14741
-12.76442	-8.28297
5.93262	-0.61592
-7.34197	-1.71147
-24.87703	-26.14238
-1.58179	1.94096
-35.41203	-39.28600
-18.95740	-15.05783
-1.38311	-6.75243
19.18573	15.70921
14.28682	-4.51015
-43.87053	-53.24802
-20.32928	-23.04725
-9.60843	-10.44983
-48.65372	-52.26266
-35.19050	-40.56284
-17.01926	-18.20874
8.62374	6.57196
-4.55404	-7.52581
15.12589	8.81351
-19.99755	-22.16454
11.85887	5.80452
12.66736	24.86839
23.81751	21.98046
-10.27826	-9.62198
-5.97743	-4.43344
-24.77466	-24.48947
-8.01877	-11.82622
-11.76608	-9.85292
14.05099	9.15032
37.02525	29.28273
-0.44823	-4.31185
3.09844	-13.23068
3.49392	-18.25532
-16.04336	-27.85127
-38.74585	-43.81378
-27.30213	-30.72336
-23.82178	-28.38823
-3.67663	-7.88898
-5.18527	4.78226
16.46963	21.34119
34.07792	53.46152
-0.85053	-3.54721
11.73988	14.58245
29.47947	30.30704
-12.93655	-20.23526
-1.63140	0.61965
15.26474	18.82077
22.51277	22.97970
-19.17365	-16.69956
-14.47765	-26.22913
1.94445	-9.31368
-0.67452	7.83083
-9.54631	-3.50788
-5.36938	-17.77086
-1.59410	-8.88371
-7.71013	-26.01561
-6.69663	-2.82709
-17.81301	7.44976
-8.69081	-20.44095
0.05831	8.23735
10.26670	-3.62115
17.44490	0.46836
-4.81426	-14.92219
-17.91337	-13.70838
23.34655	5.82968
-10.06763	-25.28351
6.41006	-3.66344
13.52939	8.34396
8.12384	26.70591
20.08267	26.79048
0.96440	6.25889
11.17737	15.67453
-9.36845	-23.69409
36.05352	29.81615
-3.69325	-2.76389
12.37490	15.87372
-24.28755	-30.79442
-36.24183	-41.17974
-4.57858	-16.90904
-14.68142	-16.03836
-4.92525	-1.40903
5.01210	6.49701
-3.68386	-4.38188
9.89858	14.16883
3.85612	-2.40633
-16.96206	-17.18632
10.54497	17.91138
1.95905	4.26628
-0.01522	-1.19067
49.54553	31.04365
14.25627	21.66992
29.04382	30.95272
5.86911	3.16022
-2.21333	-3.50072
3.31950	6.12218
-3.55883	4.66865
-6.26114	-12.44746
12.88862	12.59569
-16.27774	2.70889
19.41733	13.26419
-2.57750	-4.58378
-2.30179	-0.03772
-0.79392	0.38233
-3.19263	-3.87487
15.45111	12.55275
7.51828	8.00210
-1.80763	-3.70542
-20.21294	-10.31655
-0.21393	-2.49616
13.85882	6.48984
-38.46298	-40.63383
-30.18627	-32.33523
3.55908	-2.72700
1.38844	-6.23644
-1.76138	-5.48954
11.46121	13.92661
-4.02869	10.62785
5.37229	9.36774
22.41885	18.83879
-45.57493	-47.18568
3.31199	-1.21887
10.98586	14.14847
5.35146	5.81336
-1.16150	9.50162
0.15582	-0.97948
-8.67421	-6.34317
5.08555	10.04457
-38.52044	-41.70506
5.23409	3.91574
2.91191	11.71072
-43.52619	-47.97245
-8.71948	-5.33412
12.06441	22.79095
-12.13204	-11.35919
14.55076	24.06150
-66.52924	-72.53581
21.44838	11.65876
27.22695	21.97025
56.56100	50.93912
29.61598	28.70601
2.23514	9.44710
-10.37131	-6.95175
5.81415	3.91560
1.68616	-1.76931
-11.28481	-16.83521
6.84453	8.70706
9.73398	18.91204
17.27524	15.82945
17.30191	17.42254
18.10039	17.80410
13.06879	12.95648
4.54270	6.65058
13.94730	16.31938
13.13725	16.90406
16.76013	14.96237
22.63712	11.96096
0.42233	-2.47349
11.61054	20.90083
-1.12583	6.30565
-38.95849	-43.01611
18.22876	14.26459
9.63380	5.95438
5.09083	8.66259
25.34330	22.11998
13.04161	14.65388
34.32437	38.06646
21.60971	30.43702
-8.12338	-9.64089
-1.38010	-0.60231
17.81447	19.80643
25.93886	26.47607
12.36336	5.52666
19.41449	20.57022
-45.94346	-53.38415
12.05516	8.25958
8.42844	8.26444
1.79773	6.59793
9.00351	10.56602
10.10014	12.62524
4.55905	4.80837
9.92393	9.12880
7.12778	7.55480
19.55021	18.06644
-7.40938	-7.77304
3.68173	6.28132
29.26482	25.60613
16.48678	22.01316
51.03184	59.91924
5.55595	10.12977
-7.64994	-8.22499
24.61673	19.39339
-22.10736	-24.43656
2.33943	3.99800
14.57869	14.41935
23.75632	13.15034
-0.54151	2.05151
9.50201	10.32421
26.61092	27.52295
8.27007	11.09590
24.18283	8.80927
3.95842	11.62737
6.55844	11.42208
13.29993	7.88798
-1.15674	2.90273
-3.43718	-0.48111
13.11902	22.41881
13.17777	14.78058
7.28813	11.90144
2.16565	-0.87710
11.77282	7.13744
-9.85048	-11.07822
-64.32080	-71.43327
8.62261	15.76078
-10.00699	-13.55484
13.50557	11.66785
-30.76356	-29.35773
13.15376	14.81039
25.37806	22.76372
13.66708	20.99712
11.54702	10.24529
9.50805	15.52293
-17.45201	-20.14868
10.60573	11.19380
6.62618	-1.89585
25.32737	10.46284
19.68507	23.35783
4.09831	17.88349
38.82721	32.93509
5.60374	13.61825
5.77869	2.49159
-6.99597	-3.58471
-5.86661	-12.31872
-5.91228	-1.49437
4.65346	4.65185
12.66278	13.10420
14.07689	14.81709
64.55363	66.24517
-29.46281	-27.93339
-15.99961	-15.38444
-70.37759	-80.92849
9.25237	14.10217
27.41550	27.38863
-3.37901	-6.51144
-5.08082	-4.81124
5.55136	5.97320
23.14787	19.33015
16.35818	9.09269
-1.01878	5.44548
4.81591	2.87748
1.17542	-2.65979
1.05099	8.93922
-4.40044	-2.38653
15.78446	10.01198
5.62811	-4.06562
3.67205	17.20828
12.68521	14.89115
2.74745	14.94381
6.77264	8.30526
4.27733	3.21978
-8.86811	-4.32578
15.05156	1.92686
-3.72496	-7.54252
1.09759	2.81951
22.91094	30.90599
-16.23876	-13.20353
-16.93533	-6.81794
7.24473	7.47594
7.08806	0.71987
-0.65047	13.19192
18.45273	16.38094
2.82481	2.13094
5.33999	-3.40901
-37.67854	-29.20993
9.01602	6.98426
19.76527	27.64203
1.53074	-2.68153
6.54869	10.35542
-0.74919	-7.77083
0.60384	1.76589
2.55157	3.35472
-8.80787	-9.53942
-16.81992	-22.76234
-10.13439	-10.17181
-3.71030	-3.38085
2.47538	-1.92438
60.03404	84.78134
-10.03582	-10.26627
-19.76062	-20.11904
-26.91798	-22.59371
-9.79307	-11.91149
-12.30928	-11.86400
-20.39407	-20.61900
-19.21424	-17.13411
-29.88911	-25.41014
4.50206	3.04091
-27.41979	-25.24690
-45.15804	-51.37868
-14.73350	-15.72283
17.27136	19.31763
9.75192	16.50134
-13.96056	-8.38092
-1.30325	-5.75503
28.42029	19.28995
24.45163	18.34194
-1.78318	-2.51940
-9.44859	0.98847
-5.37200	0.22670
19.72524	-4.71386
0.46656	-9.07965
-27.14887	-24.10769
-26.79270	-47.98326
30.77886	29.41811
12.00220	2.29734
8.75498	9.96184
-1.44339	-7.39063
-7.88837	14.78433
5.28820	11.92465
-9.50126	-10.01195
-15.11784	-16.92650
-12.12008	-11.76732
0.72607	-0.72108
-0.81261	2.46714
-12.07427	-11.65533
-12.93677	-15.23946
11.59803	15.14621
-34.36245	-37.20587
-8.48734	-1.71140
17.46140	19.50881
12.21913	22.01736
-4.11084	-5.91223
-5.02467	1.52295
21.01968	16.42923
-1.18573	-3.35339
1.29233	12.90146
88.92851	68.45589
0.14744	-3.01639
-0.98504	5.11556
-45.09889	-50.31875
11.16237	6.07831
4.98326	2.78331
7.51619	2.75796
-7.87097	-5.28530
16.74915	1.11347
2.54537	5.40923
2.91679	2.69249
1.22134	0.39461
-9.10133	9.02138
17.38413	26.71061
16.48765	19.06879
38.34430	15.05011
-3.03635	-5.64977
5.13185	4.78561
-13.81380	-16.23307
12.12885	3.25143
6.96162	6.82107
6.64222	-3.79207
-8.51378	-11.67872
-3.67275	-12.74656
-7.65804	-3.24927
-28.51975	-34.91378
10.30708	23.85592
13.95935	27.82200
-8.28682	-4.88829
0.73814	10.77803
7.77873	19.71436
-0.03793	4.40210
2.35879	4.26228
3.32058	3.37677
11.07742	12.38943
-35.36134	-37.65958
8.80899	11.81902
-9.57264	-8.33716
10.32428	1.11446
-11.29119	-12.34421
7.44168	12.02363
16.28180	18.60138
36.79209	21.87456
-9.22822	-1.62354
17.12461	13.78044
29.67238	25.62904
-3.43884	-1.08492
22.62001	18.19472
21.64254	29.45469
85.36438	71.19575
-2.98404	-16.93008
6.21399	15.05346
15.06079	18.32424
-5.93574	-1.89684
10.54765	9.33792
-2.55516	-13.31525
-0.49006	0.82740
7.10023	10.76285
1.93931	9.00246
7.89711	11.29175
14.05855	14.05246
20.79132	16.14127
12.60625	16.46957
8.20493	8.31667
-30.60058	-35.88921
-21.51938	-25.15852
8.69261	9.37385
14.12301	13.82139
17.96748	29.44020
-60.36497	1.57061
27.48085	23.84465
23.17263	25.05109
10.49068	13.08765
-35.74766	-40.72606
8.02396	7.87721
35.44338	24.49163
21.99253	22.77466
16.49906	22.77443
-4.99768	-2.55504
-21.76201	-22.61174
9.07341	17.99155
33.65505	31.83785
20.86294	-4.74757
11.13961	-1.90411
39.15883	10.26928
5.41327	8.49622
24.13436	25.10025
5.28151	24.55377
-14.50086	-1.97332
-20.51886	-16.34415
-2.41030	-12.83866
-13.37651	-22.06990
-2.64727	2.56883
0.35705	-4.12767
22.74316	14.97036
10.46267	14.55196
-8.19220	-12.03206
-55.14862	-59.12107
52.65534	133.58510
12.87412	-2.03059
5.09571	-4.77946
-13.34521	-11.45587
6.51308	2.10008
16.00565	8.84802
16.68767	23.60397
5.37778	-16.74737
3.13980	5.58697
-28.79446	-30.99732
3.07812	-0.30217
6.10568	0.38727
-8.02476	-25.13975
-1.80301	-7.92544
-0.16227	14.15639
18.52694	29.80233
10.10353	7.84551
22.00597	42.92345
5.89167	11.63704
7.58043	26.96452
-13.93205	-16.77082
4.94310	-5.48637
-18.60530	-15.24107
-5.09182	16.15592
20.25371	-23.35952
1.25236	-5.41843
-3.77850	11.34298
12.44838	-0.40529
22.09177	8.62410
24.53851	21.61799
2.96043	1.69472
-60.95070	-63.72739
12.26302	8.45848
-0.16509	-2.40563
-30.81582	-29.15338
13.35597	12.13822
-22.07772	-17.76303
24.29453	8.41150
-8.07282	-9.48757
-64.43307	-67.20190
-8.75833	-8.34201
-19.22399	-16.70924
5.50735	0.04240
0.71720	-0.60260
-9.48210	-1.15835
-35.11107	-40.21753
-34.75762	-30.26323
6.98873	5.00639
2.41101	3.17398
50.98585	62.22389
-4.54028	-4.37225
-15.69736	-6.60766
0.52928	0.39063
3.04032	17.71939
9.96478	3.18035
-1.73686	12.19567
-10.29113	-12.77065
0.88754	4.43195
-4.32097	-8.29287
-1.96884	3.04876
-8.08735	-1.16844
-20.50745	-19.24223
6.88689	2.62553
36.07997	28.85524
-3.64624	5.54782
4.67044	10.62849
-9.67446	-8.27605
-3.56284	-6.44873
-8.35807	-14.73993
5.50650	6.58232
-6.12916	-8.49885
-1.39384	-2.97413
-3.12727	-3.98100
-2.89988	0.39081
-19.39146	-14.97995
-18.13401	-21.74093
14.95527	17.36600
-19.02402	-21.16048
-14.70555	-16.13218
-11.14111	-14.76261
-6.59970	-19.18422
-10.92697	-22.12946
2.95505	-9.56860
-61.15791	-72.85632
-4.67312	-8.13305
-3.93485	-1.24414
5.48824	-8.80121
12.24173	16.31858
-4.63526	-9.33936
7.87404	0.27328
12.85650	7.46779
1.63625	1.01492
-28.80156	-35.64336
7.30789	19.37831
22.64676	25.47568
30.70367	40.12638
-26.79857	-3.79219
-64.06834	-64.10289
51.26184	74.63005
-2.50951	-0.81919
2.14615	-10.22698
1.47555	-0.55762
-48.82973	-49.65784
-6.17534	2.49257
-1.74202	-4.29546
16.99633	14.71156
7.07758	-2.49893
-39.18659	-32.68948
-13.22880	-13.97898
-27.12391	-26.86239
-30.86769	-52.14391
13.82479	21.70798
17.70235	25.70398
-6.20140	1.90043
4.38516	16.56452
19.63078	12.46267
4.70390	16.00277
18.04969	20.77925
3.71695	4.29685
-27.70009	-33.83219
-34.42530	-33.22963
-1.76463	-4.63646
7.06624	16.79068
-11.92144	-6.37680
4.82913	6.16909
0.46430	16.58525
0.36047	1.49531
12.37285	2.65967
3.04237	1.72336
-11.70175	-2.33643
-18.73623	-22.15419
1.60947	1.74923
-11.36067	-8.96103
-6.11939	-14.01542
-0.17400	10.07510
-5.83577	-3.88726
13.54721	10.10563
8.07553	23.60592
12.70425	6.33834
7.54041	3.62265
5.22931	-0.88970
-12.76859	-11.19747
6.13085	7.81058
-14.44087	-9.53262
-5.85279	-3.62772
2.83384	5.44885
-5.89326	-5.96039
44.46822	35.74118
0.66396	-1.49611
10.38279	10.59668
-2.44847	-2.17645
-0.59202	-4.14563
5.85986	5.97397
18.22293	11.33147
0.60097	-3.44174
3.85766	6.88711
4.36918	18.09067
1.13215	2.05919
0.49782	0.30685
-16.02926	-15.63315
3.58252	-4.98871
9.64720	-8.06973
-2.50533	8.35729
-1.16863	0.34481
0.06446	-0.29472
-6.65619	-1.54560
5.50965	10.40077
20.97175	20.79370
1.10474	0.39739
7.53040	15.25113
-5.32722	0.63219
14.04959	9.15522
-0.75033	3.67338
-12.42099	-11.86816
7.17331	7.08187
10.04935	6.31180
-0.42628	-1.41844
-3.45022	-1.66846
10.43778	-4.05639
-7.35877	-5.93959
-24.66766	-18.84469
11.35390	-2.30032
-28.16331	-36.51691
5.17309	11.39589
-28.76808	-13.57973
-17.60829	-4.09311
0.36629	-0.20478
12.83193	17.05416
1.60480	-13.20103
7.30877	14.98834
-39.37499	-39.70361
25.50358	25.86465
0.65131	-2.51303
-7.91587	0.42175
1.88312	9.19412
-8.49020	-8.53801
43.42361	37.10146
5.24920	1.73610
-6.99476	3.33216
6.70287	8.89352
2.70903	-7.18121
14.92031	11.09822
-2.65728	1.42601
9.82196	-1.36076
10.79177	0.21747
6.62635	-0.19085
-17.68767	-15.02377
-35.76737	-35.19607
2.34341	4.29791
3.00367	-3.82947
3.15471	8.18843
-7.63389	14.46794
10.77030	8.68506
0.81159	-9.10296
10.20142	13.81862
-7.96699	-2.76091
-8.30292	-6.80247
-11.73882	-20.79305
4.58825	7.00288
6.19600	10.89450
8.68266	5.15521
14.44291	13.49694
-0.63799	3.76732
-15.80485	-19.21555
13.12925	27.01434
23.94729	21.50748
-23.08835	-22.97900
3.91274	5.69388
18.74166	28.48952
6.83996	1.01729
19.22440	14.70893
5.60492	6.44056
15.51579	15.56367
14.24996	14.95151
0.29386	9.55470
15.02234	18.36000
23.66597	28.62880
2.26525	-8.29378
-35.10764	-36.75343
-91.92594	-101.48499
18.57781	12.53347
26.43536	22.49919
1.98355	0.12967
19.57088	23.50871
14.60922	12.35549
62.84121	67.80027
17.07778	17.73592
14.67626	31.87447
0.91657	16.15779
-6.76705	-0.16287
15.72013	2.49807
14.36803	6.93801
19.75354	13.87468
13.62602	18.01426
20.04218	10.79398
24.67179	32.24521
-27.46945	-9.93718
16.61204	15.12049
17.79199	17.98332
2.75510	-1.41825
1.01913	-1.31257
-6.05144	-2.84353
4.17324	13.40527
24.84359	29.30179
28.29594	8.83862
0.72171	2.29286
4.19295	2.15365
7.98555	11.35070
25.76801	24.70458
-1.36122	24.97054
11.13641	8.39334
-4.67503	-3.59966
15.88220	21.45043
19.19288	29.58178
-0.76957	1.62474
6.34569	-2.18786
28.27449	36.61607
23.53866	23.68762
-3.07298	-6.47233
7.40834	7.67577
14.67233	0.19079
21.97526	18.11268
14.42286	18.83643
27.11390	25.78447
23.77724	31.63912
15.31545	16.47223
35.12924	39.57747
-4.79009	-7.03397
19.60796	8.58802
16.71830	9.48243
6.32544	-4.23332
6.88401	3.01355
-3.28756	8.53581
24.94612	42.78005
45.89875	57.96054
27.04778	33.90425
20.63902	16.10469
11.06598	15.12299
7.11987	10.49486
14.73395	16.02770
25.28268	18.32602
11.84709	17.76718
13.94694	20.43229
21.03940	27.11449
5.32100	-1.49541
15.10358	12.38055
21.33614	17.67316
23.04227	4.34107
10.98295	23.59294
6.49034	16.12022
17.54817	23.94104
30.07532	30.48211
26.82149	25.79064
15.00634	18.78085
6.28296	12.20838
12.42748	-1.79988
27.22306	19.30388
24.25072	21.75080
14.53403	20.55594
-4.49368	-1.57396
21.98096	11.75770
-26.52328	-33.99657
-10.28123	-12.95553
6.46445	10.86269
-4.21855	-1.79622
5.76925	3.89141
11.54308	9.86264
2.62704	4.95791
6.49385	15.79487
15.44691	11.11719
18.14315	3.04284
2.66791	0.03316
5.95160	-7.27836
-19.25964	-28.01057
5.72815	8.12222
-5.02805	0.78724
-7.26221	-4.26303
19.06858	31.19013
-10.76878	-3.66861
13.02775	12.24832
5.84147	8.05518
21.57476	23.91898
18.80722	24.65283
53.07094	68.29565
6.03457	13.67348
0.15488	-4.27577
0.11933	-11.50728
4.28011	9.78853
26.11688	13.87708
6.97206	13.05330
7.36891	-11.80150
30.66445	24.09113
-10.91467	-9.41200
6.28073	11.72613
6.35111	11.37920
15.11428	18.20741
17.15702	13.95922
-33.29214	-35.17143
-14.25800	-14.82688
-19.56989	-27.26843
9.70159	16.25001
-0.44888	-1.91393
-3.41962	-4.24886
-5.10668	-4.65289
13.67595	20.25434
11.62594	21.61960
1.02159	10.15169
-6.35371	-4.21333
-15.05147	-7.84872
-6.11550	-6.27829
-27.89760	-30.81607
-17.67123	-15.56848
-25.88754	-27.07156
-24.38459	-14.34885
-17.53184	-22.65770
31.99585	42.26194
-6.06615	-0.08824
18.82503	13.32210
4.88776	13.20935
-18.64993	-19.70151
-2.69400	-7.41443
-31.69408	-37.82619
-8.09588	0.81523
3.95839	7.02936
-7.26610	4.76209
-18.46653	-8.92550
1.89831	4.28957
13.54490	5.55680
-21.66758	-18.76929
5.31675	4.69636
-7.43560	5.03579
-6.28299	-9.76260
46.78934	52.45128
-15.80908	5.89728
-26.08084	-27.49412
-46.50048	-46.42096
-25.98738	-29.70861
-20.28380	-8.69044
-0.15116	-3.32669
4.46068	10.78912
-21.14885	-23.11154
-6.70155	-8.15023
23.58598	23.88211
19.47469	-51.49330
15.08317	20.86937
7.30883	13.42776
25.56453	14.79630
-32.46048	-35.74259
5.54808	12.49584
9.45311	6.93612
-26.44578	-27.30085
-50.81089	-53.05676
18.14967	16.41986
32.44855	20.73545
10.29809	10.10693
-15.51875	-8.61692
-8.84028	-2.72004
-21.63666	-26.95123
6.00580	6.90621
3.64567	1.62094
-9.59349	-7.09595
-15.51492	-21.57866
-6.03492	3.54536
17.17699	17.95388
1.30282	10.54656
6.63500	8.70671
-8.32422	0.43502
-8.85308	-11.32459
-10.76557	-8.13681
-7.21280	-7.50135
1.59733	-2.91719
-25.61778	-23.83520
-9.99734	-25.51135
-1.93633	5.58248
-1.60889	-8.59936
15.16133	10.16129
12.29257	8.83736
0.43450	-1.64863
-8.00845	-3.68901
-12.52702	-7.56218
3.03040	12.38682
48.84469	34.15956
-3.60221	-1.23276
2.24751	5.19196
8.43860	12.63766
-16.55345	-19.51215
-2.81676	-2.25103
-5.83166	-5.77750
9.55659	20.96591
2.30957	-1.32953
16.64017	7.83608
3.84690	5.01904
2.44055	13.60693
14.91635	11.01744
4.20106	7.31235
14.99275	13.53302
-4.82251	-6.36374
-19.16180	-18.95843
-12.21088	-8.75698
4.50994	-4.20104
4.78194	-3.28724
-1.46487	-4.56193
-16.56094	-25.04948
4.24291	14.60847
10.82964	-2.72967
8.94747	24.04836
18.43266	32.72532
37.35378	32.31771
9.39612	1.51859
7.36347	5.82632
17.20262	8.73142
-32.10222	-35.18225
5.30481	8.22521
-4.78271	-9.14412
20.65210	14.16685
24.85564	21.01618
4.18364	0.48296
35.40565	21.18558
10.50445	19.06358
10.90687	12.92131
-1.35034	-0.47917
11.82304	9.94159
10.22149	12.62868
-3.17478	-2.67155
-6.77730	-12.07322
12.22083	12.57039
6.29355	5.77221
13.09290	13.19171
-1.80901	-3.95556
10.95282	9.18267
50.64636	53.49314
18.95796	24.90296
13.87783	10.50757
13.39409	7.10958
27.30426	28.58366
32.98412	21.23335
16.85074	14.99969
7.78102	24.46346
-11.47228	-9.20668
1.11631	31.58906
17.23324	13.55577
5.13422	19.09300
-3.66306	-12.93964
38.62738	48.95738
11.38972	5.47454
-0.00253	-4.58774
5.74610	4.87315
39.92418	27.70531
12.28854	17.68113
-24.97193	-28.16471
6.67231	12.79745
5.52760	3.45554
22.09719	17.03786
13.20102	15.68160
23.47133	6.97069
8.22571	6.82026
9.22000	14.80558
-1.37647	4.32620
36.07743	29.42832
18.41246	16.40821
23.23149	10.82266
-20.96915	-7.47286
21.11589	17.88992
26.84275	24.64521
-1.65624	-2.98758
20.80306	15.18060
26.70519	30.83100
32.14821	47.10013
10.93500	14.07888
15.83441	19.34741
-13.55877	-14.03911
-3.70163	11.33058
6.70919	-5.33513
0.46772	-1.47237
7.79449	11.39820
15.92270	-1.06329
-10.92623	-13.28818
20.45704	23.24782
17.71677	17.66266
57.42948	76.83347
23.05080	15.01980
18.11327	31.05460
9.90022	9.64052
2.62905	7.74392
20.34065	18.03274
15.89103	14.80023
16.00748	-2.62616
4.39987	24.14213
-14.26698	-26.30427
-42.71041	-43.02807
-37.04951	-34.42530
6.57189	7.63284
10.37178	23.88359
19.19601	22.54914
18.07757	17.66599
18.29170	21.84135
-13.91981	-6.72874
4.19465	6.60979
2.74769	-3.15527
-22.43815	-10.65557
-15.76622	-16.06536
-10.97617	-13.20756
10.46581	18.12840
-40.58458	-41.06791
-6.78111	-8.88274
-2.71344	15.17190
-92.26478	-99.13855
-21.16199	-20.92299
20.31061	14.66567
7.81346	7.97588
-14.65567	-11.73557
-11.85279	0.29422
5.01322	-10.89089
-4.48666	-22.66380
30.74129	28.10981
28.55835	24.92099
-14.31018	-28.55629
24.41667	23.49567
-25.72847	-13.60717
-1.11131	-0.02254
8.36331	-9.38761
23.06029	14.70345
19.80505	18.52881
9.45013	11.30490
-49.37730	-50.80874
-34.16892	-32.00576
7.75128	-3.85726
14.78677	-1.06911
70.07209	121.29554
21.78295	21.99774
15.76696	22.77899
4.51312	-7.05180
-26.64014	-34.00264
2.12511	10.85945
-38.42212	-37.92572
6.73821	27.20209
-36.44237	-26.16986
-10.97736	-5.13604
-80.64976	-86.90072
-43.58743	-48.87828
20.46974	11.23665
27.65021	24.46119
-0.54546	-20.60113
23.86704	21.78996
21.09434	25.94300
-39.55682	-38.65991
-40.41161	-35.98642
17.93695	10.06653
17.94718	8.46000
8.70199	19.45486
15.19125	14.86970
22.67742	17.18297
18.41899	11.46979
8.55284	-1.16115
15.89634	3.32465
-44.95658	-49.25414
10.81630	26.81254
7.43607	9.46357
18.22794	23.30609
34.03564	32.31374
3.60655	3.76908
16.44725	23.67623
22.17732	18.74709
33.57204	33.14133
6.24545	8.54442
20.42658	12.24099
8.46238	5.61220
10.10780	8.48313
-0.02646	-5.99680
7.19830	8.37229
9.44157	12.58283
13.24354	8.03985
9.95803	11.78783
0.77549	-11.29914
8.46144	15.70428
27.64008	41.19229
32.75834	8.59092
53.89240	68.03289
11.93047	21.00600
17.07735	23.45797
-0.22251	6.21430
11.62320	-5.09375
17.41639	19.49266
8.99083	25.24084
-6.51586	-15.69651
-4.46231	-0.66061
-3.24344	-12.19825
14.78765	20.43990
11.74400	10.00340
18.19667	21.92564
15.07879	18.25343
27.60860	10.96238
14.50413	24.18093
-3.82254	9.90820
2.04930	7.04664
0.08511	11.95743
-3.14823	-1.47287
17.85827	29.43977
12.37557	25.89003
29.50514	28.91308
9.60569	1.25081
13.71576	10.06595
2.23092	-0.82604
-25.73548	-27.13632
-3.95228	-30.51757
-92.52218	-97.16481
-39.23589	-24.78689
-18.23395	-13.33108
13.09093	8.80038
7.11598	4.32978
-48.31581	-50.64284
-65.96079	-78.78514
3.84598	-9.29802
-0.89767	23.26611
-45.75566	-51.07790
10.91693	14.09708
-32.73998	-33.60067
7.30968	9.63813
-5.92098	-4.23449
-15.95516	-10.28762
-50.24392	-63.35571
-24.55165	-31.46098
6.50305	17.87366
4.98806	-15.53410
-7.99227	-1.61118
-4.49642	-19.76949
71.05696	86.47937
10.80944	24.77386
-6.93396	-17.26050
-3.71800	-2.57522
-12.28859	2.28455
3.59603	-10.26585
-30.69920	-25.19287
1.73414	-5.24854
-35.02539	-42.85304
7.70148	12.72979
-5.19984	6.21769
-15.91893	-28.00320
1.04049	-3.67760
14.88252	20.10451
-35.61355	-43.45361
2.66785	0.84232
-12.58594	1.46233
-28.20289	-33.65700
-24.76948	-24.91012
-17.00442	-16.57697
-6.87605	-16.64607
1.17901	-6.94631
-34.73031	-31.03709
8.37412	-19.07856
-7.88998	-4.26361
-26.87629	-28.41687
-55.52284	-55.34025
-43.67267	-47.07690
-47.78296	-53.97078
-30.97299	-36.09530
-20.66722	-16.46253
3.38184	8.77576
-23.22092	-25.48483
-24.68127	-28.44526
-30.52148	-31.39311
-0.22984	9.43426
-45.54497	-48.06314
-40.23753	-43.54221
-29.63178	-36.36849
-14.25321	-16.90655
-33.13658	-30.36421
-8.84433	-9.51888
-38.84051	-47.75241
-26.39736	-28.09996
-11.64137	-4.04019
-58.61085	-66.84952
-10.46825	-4.78550
-30.88614	-33.00666
-13.59411	-8.96996
46.12181	57.21206
-35.22401	-34.77204
-12.86574	-34.66713
-27.99067	-35.06806
-53.58848	-58.51815
-92.63335	-103.32538
-36.10592	-40.23865
-52.26262	-55.91346
-3.23687	-6.26254
-17.08739	-31.41053
-56.05455	-61.84699
-61.25729	-67.60985
-12.42267	-23.31252
-13.58058	-21.98557
7.70277	7.18429
-39.73554	-37.59971
4.22344	7.78824
3.19081	3.03300
1.39258	0.43932
-0.85807	6.05281
2.40785	2.98647
-16.54322	-23.23790
-9.69928	-8.99478
18.21318	7.76769
4.58924	0.90679
2.98263	2.34343
0.91962	-2.69952
13.76759	11.92389
3.32115	6.41833
-19.68506	-11.48880
-1.38282	-3.86761
15.94016	16.73601
-5.31313	-5.92451
-1.80159	-4.52238
10.58862	8.80531
-11.57470	5.25579
-1.63419	5.75069
0.36883	-0.89074
-2.64508	-5.29696
-12.93277	-10.34310
-28.16633	-29.02782
0.03416	-1.77458
-8.38237	1.19448
-2.49273	-0.52089
-23.06436	-18.76041
-27.81908	-32.54526
-24.23321	-31.28370
-9.48540	-2.80693
16.71897	18.08694
51.16965	53.69798
1.30345	1.45252
2.63430	2.45574
5.93333	-1.99485
5.18454	0.04681
14.93684	9.60852
1.67044	11.80590
-1.81519	-4.59175
-28.51051	-27.71437
3.18265	0.34474
3.45508	7.94481
5.65777	8.57460
0.00680	-0.58752
-13.87089	-17.22536
-16.89225	-29.33173
7.08413	23.67862
9.75775	5.42845
20.29557	16.70508
14.79712	27.82763
11.56725	19.37350
14.21129	14.34638
20.28297	18.26801
13.55213	12.27259
26.52646	25.74930
-1.05523	4.19076
-4.65860	-1.27756
8.14599	1.98096
18.28037	12.00378
7.25674	10.69861
6.44802	11.54978
16.35625	21.83966
11.03395	11.56106
23.86531	11.82957
14.29196	10.54763
16.23641	20.17393
25.86316	12.00296
-4.53935	0.28706
11.01849	11.31165
7.48308	2.18459
20.42226	22.71857
15.69854	15.17766
4.41348	5.28102
3.02831	8.91957
20.01709	12.56016
9.69620	11.34728
-3.08196	12.70835
21.22187	14.81410
31.41013	30.85200
24.71858	17.77237
57.35663	42.52601
12.13097	22.77287
-1.39616	11.49426
0.68485	2.41035
5.14473	9.14553
13.71739	8.21942
34.69885	33.21642
8.49963	10.83649
14.14877	5.61440
16.29029	9.24610
9.03691	27.39823
-13.02251	-10.98563
19.87361	15.90826
-9.80834	-2.48616
2.60262	-2.82810
-27.80873	-12.34145
-61.94909	-74.67809
7.95463	11.18424
-21.48333	-21.79259
-30.30544	-28.16164
-33.02389	-26.00017
-41.02724	-46.26545
21.28516	21.26506
-16.99469	-19.50032
-30.26890	-30.01380
-18.27883	-23.39955
-30.06917	-29.98965
-1.46812	-5.49827
-22.62129	-21.04749
20.16389	15.92740
29.14092	22.98140
-18.66158	-22.90451
-16.17642	-4.03795
9.44260	17.29957
-9.53253	-7.85769
-14.11576	4.83586
-12.98456	-6.67268
-2.44528	-13.70365
-4.88960	-13.62421
20.55269	-0.57486
7.40555	2.25578
-67.58372	-77.73176
-43.44041	-46.77231
-10.11422	-6.59007
-11.13777	-12.25868
-10.08977	-11.18256
-28.32423	-31.54690
-48.00666	-48.68561
-26.70360	-11.60086
84.78889	67.50555
-31.13869	-43.01315
13.88889	24.03303
-32.11413	-32.84554
16.77360	16.66332
16.40742	15.99574
-18.24892	-11.53226
-7.80406	-3.05264
11.31108	9.47400
-85.40151	-89.75867
15.58704	2.23414
26.09073	40.45164
5.81566	-7.64419
20.04166	30.15387
-38.33979	-16.01512
4.23363	-5.37337
-9.84109	-2.37329
-38.54515	-58.31536
74.76915	50.07761
28.59401	13.99575
48.92187	47.20709
32.14929	9.19099
52.97790	57.20252
72.00885	80.46563
53.82524	47.03459
-162.04488	-166.50574
-52.41220	-29.58103
59.16879	47.75080
100.88046	99.18480
107.13245	126.81529
76.40153	34.04639
-67.98691	-95.04158
55.22115	59.12662
-25.02516	-26.08467
58.92328	83.81137
-219.93954	-245.01192
75.20689	60.62414
13.28742	21.16519
43.45185	59.14882
53.86448	38.28548
-19.29782	-23.40583
36.68184	60.16541
24.71306	52.10393
34.28437	34.97068
-39.48549	-61.15948
-181.29303	-202.18150
4.18720	28.57832
-97.22695	-86.52839
-27.75126	5.75074
112.82790	127.20046
6.01710	40.70621
83.17481	88.86066
52.07402	43.73781
-128.27781	-149.78656
-60.84927	-39.64445
34.93309	42.02804
45.48665	46.18109
25.42053	21.49307
-1.59674	13.50914
-49.97963	-63.69265
28.13856	39.26060
-27.27414	-15.33923
-55.51216	-34.94064
-19.23065	-25.41354
-20.90383	-23.49085
-12.06903	-2.82322
-1.05631	-0.24610
0.56655	-17.02626
-51.02337	-56.34547
28.00212	10.56388
-30.72354	-10.27041
-40.27311	-27.81622
6.74938	4.95110
-83.49703	-93.84411
2.35907	3.03430
-10.46548	-6.82990
0.58495	3.42297
27.05518	25.38363
-17.76851	-26.87387
-21.57473	-19.48429
16.38554	14.20328
9.64307	3.26203
-20.78298	-16.09457
-22.50539	-14.20992
-14.47799	-5.39577
-36.63538	-40.26182
15.02475	14.52128
-3.71693	-2.52420
-8.42118	5.69559
-38.93154	-40.14844
-61.08608	-60.14618
-14.23549	-25.38000
-11.52630	-24.36928
-27.65835	-24.84070
6.76666	10.52107
-16.59179	-30.98920
26.46163	22.69851
8.13474	19.77516
85.20047	74.26780
58.94552	41.01361
-1.86242	11.69940
-11.95551	-14.70198
-24.85953	-13.21798
-17.97126	-10.68351
-24.91177	-21.38993
-25.53066	-38.38614
-55.18804	-64.00278
18.47025	18.26767
10.87152	11.20488
9.77702	-3.19978
-4.10185	-12.26679
-27.39898	-29.51367
-13.20375	-14.74015
-37.34964	-41.80263
17.68205	15.12343
-10.95314	-10.42529
8.42801	28.68844
23.56848	17.92635
16.32335	21.58420
22.46169	24.74534
21.15452	20.03519
-22.51614	-24.81502
6.68803	10.10209
-13.36908	-11.71856
14.72283	8.73295
33.28244	38.99730
2.65159	-1.05175
-22.77107	-25.93097
17.37803	8.77275
5.30568	19.55782
4.55731	17.81753
17.58435	21.61791
-7.92705	-15.69447
-29.93045	-33.04725
3.48264	6.21507
2.70908	10.64088
10.50803	7.20666
-38.81140	-38.60207
-22.80524	-20.99805
8.20217	9.97158
-33.94530	-34.33100
-26.32524	-29.11915
22.57229	25.85988
-6.86261	-0.75379
14.70139	5.85596
2.59413	25.61024
15.32442	20.02382
88.61945	82.79363
18.26419	22.20084
-26.24816	-27.86899
-51.39426	-51.67735
11.15359	18.90683
4.19675	9.99044
-14.93280	-12.52771
12.35030	11.62302
27.95003	26.65371
18.65183	8.82997
-19.06070	-22.25060
-11.69687	-1.65135
-9.23177	-13.29630
-7.36785	-4.56553
6.26873	3.86343
-2.23297	-16.57673
-11.32382	-8.20469
1.33749	-2.39982
30.39150	16.36214
-8.45975	3.25200
13.18341	8.29666
11.54908	11.01317
14.24118	26.18468
6.06050	-6.79998
-31.20300	-32.93706
-10.35559	-11.84877
1.10351	-2.27140
-17.68090	-10.40867
-13.37272	-3.56880
-2.00413	-1.86134
-2.90128	4.84417
18.81707	9.23987
-8.76084	-2.90975
-0.99282	0.22645
-7.60261	0.91694
-0.49242	12.90897
0.72248	1.58505
-17.62038	-5.00507
-15.60477	-14.33675
-43.06114	-45.65418
-14.02842	-8.33674
-7.91586	1.10572
-31.27980	-34.07109
5.48962	15.73788
-10.36939	-2.29197
7.59135	7.19061
16.71583	12.38287
25.71541	26.30616
17.75819	16.03352
59.99720	40.52557
-1.27072	0.41994
-0.07719	-6.34743
-25.42674	-18.31061
-13.56504	-15.10800
-16.57200	-24.35914
-10.19875	-2.96663
21.49790	18.42058
-5.70897	6.52345
-14.09650	-12.96382
3.04590	2.69915
27.41247	19.97957
16.27596	19.02200
-35.52958	-35.68951
9.45741	13.84687
1.04007	7.10344
20.68354	12.67836
-0.28100	1.06847
6.84652	5.32767
-15.38909	-19.18632
-9.31633	-7.44823
19.61140	25.95157
12.74991	15.97842
21.91741	26.84965
-3.05773	-10.69862
-34.02784	-37.91468
1.38264	7.16543
1.56602	16.67931
1.19850	0.61030
2.28078	1.57640
2.17690	5.20538
23.17635	17.74733
16.64896	23.11403
5.60748	-6.20386
3.76621	3.61026
8.71081	1.34158
-0.24135	14.40637
4.28473	0.00985
-24.05574	-27.11627
-33.54578	-36.36779
17.92268	20.65756
8.31220	12.57789
-10.07074	-13.77770
15.28879	6.39502
2.05927	-6.07544
-52.90813	-59.57681
1.87911	5.05922
-23.39291	-26.67147
4.67777	-4.45749
88.52175	87.44918
20.41879	36.03789
3.03712	-1.84611
12.53779	-1.68167
11.25186	22.47506
10.92337	0.58408
-2.16143	-1.71823
-8.59789	-13.81540
-15.00970	-16.96511
8.47649	3.92450
5.49928	15.86180
11.76418	5.99497
-17.32133	-13.30826
6.11549	11.69750
-55.53596	-52.09077
-10.78932	1.57850
-0.12149	12.96815
14.36752	-15.43400
-3.13780	0.00394
-4.27288	-17.74709
-15.12879	-15.59837
-1.13791	2.27458
17.25389	21.97023
1.65856	0.54835
0.04136	6.73829
14.83377	10.40924
22.92567	13.31926
-4.26758	-11.47292
-4.37251	-3.33616
-10.27065	-19.12212
22.70106	22.34357
16.17794	2.75532
10.63309	22.17681
7.84032	11.97904
-8.53407	-15.89468
3.61092	7.43238
13.08106	22.13192
-1.13872	2.44296
-0.13748	10.87671
21.14726	32.42759
9.17393	18.24226
-39.26800	-41.97559
7.29374	3.10365
-29.31636	-37.75029
5.06008	-23.37290
-24.58245	-40.78917
-53.77849	-62.60883
3.33562	-10.02496
29.17841	31.15356
59.92388	79.90303
3.36012	-2.61281
6.45993	4.56676
32.57538	13.15724
23.32311	22.40025
7.80806	11.39266
-6.49554	-9.66787
22.66244	12.16753
14.08947	2.01772
5.49356	5.53256
-45.14121	-46.89992
-18.36612	-27.88611
-1.66333	5.39913
19.02046	11.89412
21.24373	18.39789
-20.14072	-11.00135
24.93953	19.13370
18.28871	19.17073
19.00797	20.79726
49.60567	47.47358
-23.25165	-10.58322
20.43671	23.46395
21.83739	35.59992
25.21208	31.54172
19.24471	14.66178
19.77022	11.12688
-4.89796	0.00388
21.95947	18.29513
-0.95118	1.66099
12.42678	14.18275
6.21612	10.76981
7.12528	8.43558
21.05737	22.76228
-7.67878	-4.71955
20.54785	6.19922
23.32511	16.64559
25.06941	29.81150
26.45516	30.19447
-0.41097	12.58257
-33.71941	-32.70786
6.16415	2.81642
5.33362	9.76408
18.82843	19.20450
23.18814	28.17179
-3.89743	4.26521
21.27137	30.71295
5.61591	7.09653
8.20143	2.89358
-3.75002	14.38227
44.78212	46.66188
22.25906	23.19045
-2.84732	9.63571
21.25059	11.81130
6.72553	13.60827
8.05684	13.65574
-8.33041	-4.76999
3.63180	-2.02333
0.91394	4.73880
20.02350	16.27379
12.40869	13.77274
5.90942	2.00863
-9.40741	-12.52313
22.25925	33.68547
9.55684	18.71416
18.68767	12.30680
3.55939	2.32494
13.78648	16.01404
23.10530	28.51017
-7.31146	-5.46071
4.48154	14.28049
5.01328	4.66385
30.15859	30.53218
10.15247	-3.38518
6.68678	4.09871
18.91788	29.49923
10.78191	4.09352
9.61275	7.84707
-0.83830	5.47244
2.51056	11.15688
11.85110	8.94771
9.05162	-1.52932
6.45908	8.74835
12.85662	8.48227
17.26929	16.25798
12.30363	1.98053
6.66094	18.96567
10.31137	9.05264
-17.91648	-18.36943
12.33538	10.08582
7.96140	6.87496
-4.74425	3.88805
10.82618	8.31806
20.99604	18.04845
28.12712	32.44630
-0.39502	-2.16664
29.73012	27.78690
31.47492	22.21085
20.94169	24.77489
55.38147	51.25177
12.07743	13.45644
-4.60552	-6.34314
17.66337	26.44002
8.11270	23.56003
-4.19085	4.42989
-1.46148	2.87072
3.64614	9.97315
28.08504	8.40980
23.30588	21.73220
2.92823	5.74547
12.43580	12.42231
12.59315	12.37582
1.52088	10.82301
-13.83376	-8.97405
-12.62237	-11.51303
4.86755	5.62284
-34.33120	-36.17470
-18.60665	-13.91582
16.68936	9.01202
6.61756	13.17113
31.37930	27.71212
11.04644	5.32598
1.66566	4.16963
7.52726	9.20296
12.04569	9.07280
-1.81679	-3.97697
1.14314	0.31405
5.09078	5.32121
1.76491	6.92950
-1.43150	-3.07342
11.49650	20.08382
15.03385	25.09719
17.54624	23.62379
21.80800	17.54241
-1.51442	-2.47546
7.13390	6.68235
33.59105	18.13732
2.85238	1.57289
14.32993	18.81346
-35.92878	-37.02530
18.16176	22.87508
1.61697	17.01780
-0.26822	8.10377
2.06917	-1.17883
22.59245	31.26249
10.02480	25.56324
-0.71541	8.08660
21.49489	19.07787
61.89825	46.80370
2.40414	1.58103
-16.69657	-16.02658
3.01184	-8.22653
8.84751	15.80441
6.91164	4.50050
-16.76997	-14.22146
-6.64189	-6.25875
-1.03602	3.24544
-15.78903	-15.59003
4.00578	11.42638
10.95204	12.15551
24.46566	17.31560
-71.20846	-71.41403
9.22289	5.79330
-5.26818	-7.28155
-2.66510	-2.98076
8.09240	9.77201
-17.45660	-22.35643
5.77698	13.62389
-19.62914	-19.88133
3.99171	11.17007
6.57673	-1.54664
-4.89785	-5.14848
18.77586	28.65458
12.68205	-0.68233
18.34741	22.16103
5.66576	1.28497
21.99392	18.39550
15.62619	15.95493
11.55601	12.73523
5.18168	5.83780
17.13340	-7.72187
4.97616	8.85285
1.31340	-2.03459
-18.26686	-14.02199
22.58869	21.16490
7.33265	11.21791
0.81819	3.00734
14.99710	7.78459
8.61730	17.28746
-13.43220	-17.70830
-6.79939	-5.22977
4.90781	13.32272
4.07882	7.93765
16.04633	13.09553
-6.31111	0.06188
4.85907	3.41539
-32.53179	-42.10340
45.29448	58.44411
28.33886	25.79583
6.72689	5.95963
-22.26850	-25.73713
-44.93671	-47.19392
-15.01704	-14.86008
-21.82765	-24.07780
-11.28279	-11.57896
-34.69665	-34.32575
-4.17997	-5.71417
-0.49555	-3.62097
7.67745	10.04978
4.58485	9.07387
18.79962	25.14560
-1.24007	5.30868
22.66917	25.78031
-4.44311	2.90324
-3.57479	-3.39284
-28.51884	-30.34709
16.35822	23.95524
-9.12371	-4.64634
17.54224	24.44638
6.04775	-2.72396
-22.13758	-23.51375
3.72905	-8.86215
15.00839	16.87042
14.94972	15.66199
-4.46287	-8.73399
19.74811	31.49351
-8.02178	-5.04379
-21.02479	-22.26524
-18.73870	-22.04734
-14.88560	-16.19696
3.29732	1.65719
12.37650	9.31527
4.78537	2.99361
-22.78101	-30.17570
4.84383	5.83900
35.56612	26.45127
-21.32691	-21.29737
8.58386	-5.98308
16.64723	11.27943
14.21343	13.66839
-7.44763	-9.37400
13.51089	-3.17241
16.96292	19.44569
16.41291	20.00945
-21.14245	-22.12805
0.83259	0.29158
77.41107	63.30344
15.01667	21.07025
-26.38400	-9.99762
-21.68810	-23.48484
-24.76521	-25.92121
-15.31237	0.00022
-25.12980	-18.08251
-3.20758	-12.32856
-12.00049	-1.07384
-25.81984	-22.70727
13.97284	6.85173
-31.40222	-23.41429
-9.67289	-7.32497
5.45914	10.30773
-44.44778	-43.16990
-16.89852	-9.26325
11.49597	7.32884
5.58789	11.49251
13.75572	8.25714
-5.63794	-10.54931
-15.45003	-14.36901
8.84345	-2.50500
8.74732	19.20780
-14.85896	-12.49988
-2.04561	-3.93310
-10.27507	-11.66325
2.67753	8.08045
30.89045	11.91178
-1.93515	-10.52406
-4.22095	-1.89794
-16.10162	-16.90079
-8.05769	-12.16599
-2.37623	-3.20060
-20.22865	-22.07097
-13.41390	-11.27707
-9.83170	-11.57561
-20.77273	-19.71110
18.39351	23.79948
0.61202	12.27392
12.53303	16.73836
22.08823	23.95732
-2.59234	11.27765
-17.06880	-18.27406
-0.14049	-4.60580
-13.31407	-7.31125
13.36161	10.95642
-35.73450	-24.45059
-36.98733	-32.14751
30.19882	24.27535
60.10930	54.62867
44.00000	63.00000
-62.00000	-63.00000
-48.00000	-49.00000
-67.00000	-65.00000
-99.00000	-102.00000
0.00000	-2.00000
-77.00000	-79.00000
11.00000	10.00000
-17.00000	-17.00000
16.00000	13.00000
21.00000	21.00000
2.00000	14.00000
26.00000	28.00000
-17.00000	-16.00000
-36.00000	-40.00000
-12.00000	-15.00000
8.00000	7.00000
-42.00000	-44.00000
-49.00000	-50.00000
-1.00000	-3.00000
-1.00000	-1.00000
0.00000	5.00000
9.00000	5.00000
0.00000	3.00000
1.00000	6.00000
-5.00000	-7.00000
-4.00000	-4.00000
27.00000	31.00000
31.00000	32.00000
26.00000	20.00000
36.00000	35.00000
-32.00000	-31.00000
-55.00000	-60.00000
-8.00000	-8.00000
47.00000	43.00000
-7.00000	-2.00000
-12.00000	-8.00000
-16.00000	-19.00000
-24.00000	-17.00000
-9.00000	-10.00000
-18.00000	-18.00000
-8.00000	-8.00000
9.00000	17.00000
5.00000	3.00000
1.00000	5.00000
14.00000	14.00000
43.00000	48.00000
-5.00000	-4.00000
-82.00000	-83.00000
92.00000	77.00000
-39.00000	-36.00000
-63.00000	-69.00000
-119.00000	-121.00000
-5.00000	-3.00000
-97.00000	-100.00000
-8.00000	-8.00000
12.00000	12.00000
9.00000	13.00000
-11.00000	-11.00000
-27.00000	-27.00000
22.00000	23.00000
-60.00000	-56.00000
-38.00000	-40.00000
-26.00000	-26.00000
-8.00000	-9.00000
-30.00000	-28.00000
-88.00000	-88.00000
19.00000	20.00000
-2.00000	-2.00000
-41.00000	-45.00000
-35.00000	-35.00000
-21.00000	-22.00000
-42.00000	-44.00000
-9.00000	-9.00000
30.00000	33.00000
25.00000	26.00000
18.00000	17.00000
41.00000	50.00000
34.00000	23.00000
-68.00000	-68.00000
-28.00000	-31.00000
-6.00000	-6.00000
12.00000	8.00000
49.00000	54.00000
-21.00000	-30.00000
-10.00000	-4.00000
19.00000	25.00000
-6.00000	-6.00000
-12.00000	-15.00000
-27.00000	-27.00000
22.00000	23.00000
18.00000	27.00000
-2.00000	-3.00000
20.00000	16.00000
42.00000	41.00000
22.00000	21.00000
-29.00000	-27.00000
-37.00000	-34.00000
58.00000	66.00000
-27.00000	-25.00000
-63.00000	-65.00000
-21.00000	-21.00000
-38.00000	-41.00000
-2.00000	-2.00000
-12.00000	-12.00000
23.00000	17.00000
-2.00000	-2.00000
36.00000	35.00000
43.00000	46.00000
-39.00000	-39.00000
-20.00000	-21.00000
-2.00000	-4.00000
19.00000	24.00000
-14.00000	-14.00000
-16.00000	-16.00000
13.00000	17.00000
-1.00000	-1.00000
17.00000	13.00000
10.00000	6.00000
23.00000	21.00000
-14.00000	-15.00000
24.00000	28.00000
-1.00000	-1.00000
38.00000	44.00000
33.00000	30.00000
63.00000	62.00000
33.00000	45.00000
-39.00000	-39.00000
-32.00000	-35.00000
37.00000	33.00000
37.00000	37.00000
19.00000	14.00000
37.00000	42.00000
14.00000	10.00000
46.00000	49.00000
-3.00000	-4.00000
-17.00000	-20.00000
-9.00000	-10.00000
26.00000	35.00000
52.00000	52.00000
24.00000	27.00000
-11.00000	-8.00000
47.00000	47.00000
17.00000	15.00000
-60.00000	-61.00000
-55.00000	-58.00000
-25.00000	-29.00000
69.00000	65.00000
-55.00000	-56.00000
-5.00000	-6.00000
-96.00000	-98.00000
-12.00000	-12.00000
-8.00000	-9.00000
-17.00000	-11.00000
-4.00000	-6.00000
-1.00000	-8.00000
25.00000	22.00000
-7.00000	-4.00000
-56.00000	-60.00000
1.00000	5.00000
-3.00000	-6.00000
-26.00000	-27.00000
-14.00000	0.00000
38.00000	40.00000
-1.00000	-1.00000
-23.00000	-21.00000
5.00000	8.00000
4.00000	7.00000
2.00000	4.00000
-25.00000	-26.00000
-8.00000	-9.00000
24.00000	25.00000
-13.00000	-10.00000
47.00000	50.00000
9.00000	9.00000
-49.00000	-47.00000
-109.00000	-116.00000
-15.00000	-18.00000
33.00000	38.00000
-20.00000	-26.00000
-17.00000	-17.00000
-2.00000	-4.00000
26.00000	24.00000
12.00000	10.00000
-26.00000	-28.00000
-15.00000	-15.00000
21.00000	22.00000
-2.00000	-2.00000
-7.00000	-8.00000
2.00000	3.00000
15.00000	16.00000
-11.00000	6.00000
-102.00000	-102.00000
-66.00000	-70.00000
-33.00000	-40.00000
-78.00000	-82.00000
109.00000	98.00000
-28.00000	-34.00000
-87.00000	-94.00000
-24.00000	-25.00000
-10.00000	-11.00000
-7.00000	-9.00000
1.00000	2.00000
-32.00000	-38.00000
2.00000	0.00000
-30.00000	-31.00000
-65.00000	-67.00000
-21.00000	-23.00000
-9.00000	-16.00000
-10.00000	-8.00000
4.00000	-5.00000
-50.00000	-45.00000
-13.00000	-13.00000
-33.00000	-33.00000
-46.00000	-49.00000
-26.00000	-29.00000
-18.00000	-14.00000
-12.00000	-15.00000
-8.00000	-8.00000
-67.00000	-69.00000
-51.00000	-54.00000
-60.00000	-66.00000
-2.00000	2.00000
-76.00000	-82.00000
-38.00000	-39.00000
4.00000	4.00000
-57.00000	-58.00000
-35.00000	-36.00000
9.00000	20.00000
-24.00000	-19.00000
-2.00000	-5.00000
-17.00000	-19.00000
-29.00000	-31.00000
-35.00000	-39.00000
-31.00000	-34.00000
-58.00000	-55.00000
-27.00000	-23.00000
-28.00000	-36.00000
-6.00000	-6.00000
-24.00000	-23.00000
-5.00000	-2.00000
3.00000	6.00000
3.00000	7.00000
-11.00000	-10.00000
-1.00000	-5.00000
62.00000	68.00000
-3.00000	-4.00000
0.00000	0.00000
22.00000	22.00000
24.00000	30.00000
-2.00000	-2.00000
36.00000	36.00000
48.00000	55.00000
28.00000	28.00000
-8.00000	-10.00000
-9.00000	-9.00000
30.00000	30.00000
-1.00000	1.00000
-18.00000	-18.00000
25.00000	31.00000
0.00000	0.00000
27.00000	28.00000
12.00000	19.00000
19.00000	14.00000
-12.00000	-12.00000
27.00000	26.00000
40.00000	43.00000
42.00000	51.00000
45.00000	47.00000
1.00000	0.00000
50.00000	52.00000
-10.00000	-7.00000
-31.00000	-34.00000
0.00000	0.00000
39.00000	42.00000
-3.00000	-17.00000
26.00000	28.00000
15.00000	17.00000
41.00000	34.00000
-3.00000	-3.00000
-15.00000	-15.00000
-12.00000	-12.00000
42.00000	45.00000
55.00000	55.00000
32.00000	37.00000
22.00000	25.00000
-7.00000	-8.00000
20.00000	23.00000
-70.00000	-62.00000
-64.00000	-68.00000
-23.00000	-25.00000
-4.00000	-4.00000
-117.00000	-118.00000
-8.00000	-6.00000
93.00000	69.00000
-17.00000	-19.00000
-26.00000	-31.00000
-15.00000	-19.00000
-23.00000	-26.00000
-8.00000	-10.00000
4.00000	0.00000
-29.00000	-27.00000
-5.00000	-2.00000
-5.00000	9.00000
-18.00000	-15.00000
9.00000	2.00000
-71.00000	-61.00000
16.00000	17.00000
1.00000	3.00000
-38.00000	-32.00000
-22.00000	-24.00000
-4.00000	-4.00000
-29.00000	-32.00000
-29.00000	-30.00000
-11.00000	-14.00000
-2.00000	6.00000
16.00000	14.00000
-36.00000	-33.00000
-14.00000	-16.00000
-32.00000	-28.00000
-51.00000	-54.00000
-16.00000	-16.00000
-15.00000	-16.00000
-44.00000	-47.00000
22.00000	24.00000
-6.00000	-8.00000
-34.00000	-27.00000
-20.00000	-22.00000
-36.00000	-39.00000
0.00000	0.00000
-12.00000	-13.00000
13.00000	15.00000
-14.00000	-18.00000
-41.00000	-38.00000
-42.00000	-46.00000
12.00000	14.00000
-6.00000	-10.00000
5.00000	-4.00000
23.00000	24.00000
-22.00000	-27.00000
-1.00000	-6.00000
15.00000	11.00000
23.00000	27.00000
78.00000	81.00000
-16.00000	-17.00000
-37.00000	-38.00000
-6.00000	-9.00000
-30.00000	-31.00000
-8.00000	-9.00000
8.00000	6.00000
22.00000	24.00000
14.00000	16.00000
19.00000	20.00000
14.00000	13.00000
-25.00000	-21.00000
-3.00000	-3.00000
0.00000	0.00000
-6.00000	-3.00000
14.00000	16.00000
12.00000	13.00000
31.00000	30.00000
-9.00000	-10.00000
-9.00000	-10.00000
21.00000	23.00000
2.00000	-1.00000
-8.00000	-8.00000
-3.00000	-4.00000
-6.00000	-5.00000
16.00000	15.00000
-17.00000	-18.00000
31.00000	31.00000
-33.00000	-33.00000
2.00000	-4.00000
-36.00000	-34.00000
-3.00000	3.00000
14.00000	19.00000
29.00000	28.00000
25.00000	23.00000
-10.00000	-4.00000
9.00000	11.00000
-14.00000	-14.00000
16.00000	24.00000
-6.00000	-7.00000
16.00000	16.00000
-1.00000	0.00000
-14.00000	-13.00000
2.00000	-5.00000
-31.00000	-38.00000
-88.00000	-89.00000
-5.00000	0.00000
2.00000	5.00000
0.00000	0.00000
83.00000	77.00000
-3.00000	-19.00000
-10.00000	-11.00000
17.00000	14.00000
-8.00000	-10.00000
3.00000	11.00000
1.00000	5.00000
-33.00000	-36.00000
8.00000	-4.00000
11.00000	14.00000
34.00000	25.00000
-51.00000	-56.00000
0.00000	0.00000
-13.00000	-8.00000
0.00000	4.00000
0.00000	4.00000
-3.00000	1.00000
-39.00000	-40.00000
-13.00000	-14.00000
15.00000	19.00000
-18.00000	-16.00000
-16.00000	-19.00000
-6.00000	-8.00000
-15.00000	-16.00000
6.00000	2.00000
-4.00000	-4.00000
-28.00000	-31.00000
-92.00000	-92.00000
9.00000	-1.00000
-33.00000	-36.00000
-4.00000	-4.00000
-30.00000	-32.00000
16.00000	12.00000
-2.00000	-2.00000
19.00000	20.00000
19.00000	20.00000
-26.00000	-29.00000
-7.00000	-4.00000
-20.00000	-24.00000
-20.00000	-19.00000
-24.00000	-24.00000
28.00000	31.00000
28.00000	31.00000
15.00000	15.00000
-35.00000	-35.00000
32.00000	28.00000
-19.00000	-20.00000
66.00000	64.00000
79.00000	71.00000
67.00000	57.00000
42.00000	49.00000
32.00000	21.00000
-12.00000	-12.00000
26.00000	22.00000
27.00000	28.00000
41.00000	26.00000
10.00000	13.00000
14.00000	13.00000
6.00000	11.00000
8.00000	11.00000
36.00000	28.00000
25.00000	26.00000
25.00000	23.00000
29.00000	28.00000
24.00000	23.00000
8.00000	20.00000
92.00000	99.00000
47.00000	44.00000
35.00000	27.00000
-18.00000	-18.00000
40.00000	30.00000
16.00000	21.00000
-7.00000	-7.00000
89.00000	87.00000
49.00000	47.00000
17.00000	17.00000
20.00000	21.00000
35.00000	41.00000
-7.00000	-6.00000
88.00000	90.00000
-3.00000	-3.00000
-4.00000	-4.00000
-2.00000	-6.00000
41.00000	38.00000
44.00000	47.00000
40.00000	38.00000
-10.00000	-11.00000
-8.00000	-7.00000
-1.00000	-1.00000
-20.00000	-26.00000
24.00000	29.00000
-2.00000	1.00000
13.00000	9.00000
18.00000	16.00000
19.00000	30.00000
-7.00000	-7.00000
-28.00000	-32.00000
-9.00000	-15.00000
73.00000	86.00000
-39.00000	-40.00000
-11.00000	-14.00000
4.00000	-1.00000
14.00000	12.00000
24.00000	25.00000
18.00000	21.00000
11.00000	10.00000
28.00000	36.00000
7.00000	6.00000
-11.00000	-13.00000
7.00000	11.00000
15.00000	16.00000
16.00000	17.00000
11.00000	11.00000
-18.00000	-20.00000
-19.00000	-20.00000
10.00000	16.00000
16.00000	9.00000
-12.00000	-13.00000
-1.00000	-3.00000
8.00000	0.00000
-32.00000	-37.00000
-17.00000	-18.00000
40.00000	45.00000
-22.00000	-23.00000
11.00000	22.00000
-23.00000	-35.00000
-20.00000	-17.00000
-28.00000	-29.00000
17.00000	24.00000
25.00000	26.00000
3.00000	12.00000
21.00000	23.00000
21.00000	24.00000
-11.00000	-8.00000
16.00000	18.00000
24.00000	26.00000
-9.00000	-10.00000
29.00000	29.00000
39.00000	39.00000
-40.00000	-40.00000
-1.00000	-1.00000
57.00000	54.00000
-42.00000	-42.00000
-2.00000	-2.00000
-5.00000	-5.00000
17.00000	16.00000
-14.00000	-15.00000
74.00000	73.00000
-1.00000	-1.00000
48.00000	51.00000
13.00000	16.00000
25.00000	31.00000
34.00000	39.00000
49.00000	47.00000
36.00000	46.00000
-2.00000	-3.00000
-3.00000	-3.00000
12.00000	9.00000
26.00000	29.00000
61.00000	56.00000
53.00000	43.00000
-11.00000	-11.00000
-2.00000	-2.00000
9.00000	8.00000
10.00000	13.00000
-1.00000	-1.00000
-5.00000	-5.00000
32.00000	35.00000
-19.00000	-21.00000
-2.00000	-2.00000
-12.00000	-12.00000
11.00000	13.00000
-7.00000	-6.00000
2.00000	5.00000
-25.00000	-26.00000
-5.00000	-5.00000
10.00000	10.00000
-38.00000	-40.00000
14.00000	18.00000
24.00000	25.00000
15.00000	12.00000
-32.00000	-32.00000
0.00000	0.00000
-29.00000	-29.00000
9.00000	13.00000
13.00000	10.00000
39.00000	38.00000
18.00000	19.00000
-12.00000	-9.00000
35.00000	42.00000
3.00000	5.00000
0.00000	0.00000
-4.00000	-4.00000
-13.00000	-13.00000
-1.00000	-2.00000
-8.00000	-9.00000
55.00000	77.00000
29.00000	29.00000
32.00000	30.00000
40.00000	40.00000
-3.00000	-4.00000
23.00000	26.00000
17.00000	11.00000
-10.00000	-11.00000
0.00000	-1.00000
4.00000	9.00000
38.00000	43.00000
45.00000	51.00000
35.00000	32.00000
0.00000	-1.00000
-1.00000	-1.00000
4.00000	3.00000
-2.00000	-2.00000
33.00000	35.00000
14.00000	12.00000
16.00000	15.00000
-17.00000	-21.00000
0.00000	0.00000
-2.00000	-6.00000
-10.00000	-11.00000
-33.00000	-36.00000
-30.00000	-31.00000
-2.00000	-3.00000
0.00000	-1.00000
34.00000	35.00000
-1.00000	5.00000
-13.00000	-13.00000
-2.00000	-2.00000
-6.00000	-6.00000
-34.00000	-35.00000
-1.00000	-2.00000
-17.00000	-17.00000
-20.00000	-24.00000
-56.00000	-56.00000
-16.00000	-15.00000
-39.00000	-40.00000
-72.00000	-74.00000
11.00000	12.00000
-50.00000	-53.00000
0.00000	0.00000
23.00000	25.00000
19.00000	23.00000
-1.00000	-1.00000
26.00000	23.00000
42.00000	46.00000
58.00000	50.00000
-11.00000	-13.00000
-23.00000	-24.00000
31.00000	26.00000
-14.00000	-14.00000
-54.00000	-55.00000
16.00000	10.00000
40.00000	44.00000
17.00000	19.00000
-29.00000	-30.00000
5.00000	5.00000
-18.00000	-18.00000
28.00000	32.00000
-2.00000	-2.00000
45.00000	54.00000
38.00000	37.00000
36.00000	40.00000
55.00000	56.00000
-52.00000	-52.00000
-24.00000	-30.00000
-2.00000	-2.00000
50.00000	59.00000
7.00000	9.00000
-24.00000	-21.00000
17.00000	12.00000
3.00000	-2.00000
-2.00000	-3.00000
-4.00000	-5.00000
-14.00000	-14.00000
34.00000	50.00000
44.00000	43.00000
16.00000	14.00000
24.00000	25.00000
56.00000	58.00000
10.00000	19.00000
6.00000	13.00000
-5.00000	-9.00000
14.00000	7.00000
-36.00000	-38.00000
-34.00000	-37.00000
14.00000	20.00000
-3.00000	-6.00000
-1.00000	-1.00000
-8.00000	-9.00000
15.00000	13.00000
-4.00000	-4.00000
23.00000	22.00000
16.00000	13.00000
24.00000	30.00000
71.00000	73.00000
-23.00000	-26.00000
-3.00000	-1.00000
-9.00000	-7.00000
5.00000	9.00000
12.00000	15.00000
-2.00000	-2.00000
21.00000	21.00000
31.00000	24.00000
27.00000	28.00000
13.00000	18.00000
-8.00000	-10.00000
-4.00000	-4.00000
-22.00000	-19.00000
2.00000	3.00000
-20.00000	-20.00000
23.00000	15.00000
-51.00000	-51.00000
-75.00000	-81.00000
-4.00000	-4.00000
34.00000	38.00000
-7.00000	-12.00000
20.00000	34.00000
-19.00000	-22.00000
-7.00000	-5.00000
-8.00000	-8.00000
-26.00000	-26.00000
11.00000	8.00000
18.00000	21.00000
3.00000	9.00000
-8.00000	-12.00000
8.00000	6.00000
26.00000	32.00000
30.00000	39.00000
-13.00000	-16.00000
-14.00000	-18.00000
3.00000	7.00000
-25.00000	-28.00000
-33.00000	-29.00000
17.00000	23.00000
-20.00000	-20.00000
-2.00000	-2.00000
-1.00000	-1.00000
37.00000	25.00000
33.00000	37.00000
28.00000	31.00000
-12.00000	-13.00000
26.00000	32.00000
34.00000	28.00000
68.00000	74.00000
33.00000	40.00000
3.00000	-1.00000
3.00000	5.00000
2.00000	8.00000
0.00000	0.00000
8.00000	8.00000
12.00000	14.00000
6.00000	8.00000
18.00000	20.00000
12.00000	20.00000
0.00000	0.00000
28.00000	26.00000
-7.00000	-7.00000
-59.00000	-59.00000
-38.00000	-38.00000
-16.00000	-16.00000
-17.00000	-20.00000
-2.00000	-2.00000
23.00000	30.00000
-1.00000	-8.00000
23.00000	22.00000
17.00000	7.00000
-4.00000	-4.00000
51.00000	53.00000
-8.00000	-10.00000
-6.00000	-9.00000
13.00000	21.00000
10.00000	10.00000
16.00000	16.00000
16.00000	19.00000
-5.00000	-5.00000
-4.00000	4.00000
-4.00000	-3.00000
-8.00000	-9.00000
29.00000	26.00000
-3.00000	-2.00000
-6.00000	-7.00000
10.00000	9.00000
4.00000	10.00000
-6.00000	-6.00000
12.00000	10.00000
-22.00000	-23.00000
-7.00000	-7.00000
29.00000	36.00000
-3.00000	-3.00000
25.00000	20.00000
4.00000	5.00000
31.00000	38.00000
55.00000	76.00000
5.00000	4.00000
-14.00000	-16.00000
18.00000	20.00000
18.00000	22.00000
2.00000	-1.00000
8.00000	6.00000
22.00000	19.00000
21.00000	19.00000
-13.00000	-13.00000
-14.00000	-16.00000
21.00000	24.00000
29.00000	34.00000
20.00000	19.00000
34.00000	34.00000
-13.00000	-11.00000
-20.00000	-24.00000
18.00000	20.00000
31.00000	36.00000
7.00000	10.00000
-49.00000	-49.00000
2.00000	2.00000
31.00000	38.00000
-13.00000	-13.00000
-8.00000	-8.00000
-16.00000	-16.00000
-12.00000	-7.00000
36.00000	37.00000
31.00000	39.00000
26.00000	21.00000
0.00000	0.00000
11.00000	12.00000
-16.00000	-10.00000
-31.00000	-31.00000
14.00000	9.00000
8.00000	-4.00000
-15.00000	-7.00000
28.00000	28.00000
-18.00000	-17.00000
32.00000	30.00000
12.00000	11.00000
27.00000	25.00000
-5.00000	-5.00000
29.00000	32.00000
39.00000	41.00000
12.00000	9.00000
20.00000	28.00000
18.00000	15.00000
17.00000	22.00000
56.00000	9.00000
-3.00000	1.00000
28.00000	27.00000
-1.00000	-1.00000
4.00000	6.00000
16.00000	24.00000
31.00000	35.00000
14.00000	19.00000
19.00000	26.00000
-8.00000	-8.00000
28.00000	29.00000
27.00000	29.00000
5.00000	7.00000
40.00000	36.00000
-22.00000	-22.00000
-30.00000	-31.00000
-6.00000	-6.00000
11.00000	13.00000
-21.00000	-23.00000
43.00000	32.00000
21.00000	11.00000
44.00000	36.00000
-12.00000	-13.00000
-17.00000	-18.00000
-35.00000	-35.00000
28.00000	29.00000
38.00000	30.00000
16.00000	20.00000
20.00000	18.00000
11.00000	13.00000
23.00000	43.00000
-14.00000	-1.00000
-54.00000	-52.00000
-6.00000	-4.00000
24.00000	26.00000
-51.00000	-55.00000
3.00000	6.00000
0.00000	-5.00000
-9.00000	-9.00000
-4.00000	-6.00000
6.00000	18.00000
-14.00000	-14.00000
-2.00000	0.00000
21.00000	26.00000
-33.00000	-33.00000
-5.00000	-8.00000
-7.00000	-7.00000
2.00000	8.00000
-16.00000	-15.00000
67.00000	73.00000
0.00000	-4.00000
-9.00000	-10.00000
-26.00000	-18.00000
-17.00000	-19.00000
1.00000	4.00000
-52.00000	-58.00000
11.00000	9.00000
-3.00000	-3.00000
6.00000	5.00000
21.00000	22.00000
-29.00000	-25.00000
17.00000	18.00000
3.00000	-1.00000
-31.00000	-31.00000
-5.00000	-5.00000
3.00000	9.00000
20.00000	13.00000
45.00000	39.00000
3.00000	4.00000
-2.00000	12.00000
-7.00000	-9.00000
-22.00000	-24.00000
-55.00000	-56.00000
-6.00000	-5.00000
16.00000	0.00000
8.00000	8.00000
-38.00000	-32.00000
-29.00000	-29.00000
-1.00000	-6.00000
-17.00000	-10.00000
-2.00000	-3.00000
15.00000	18.00000
30.00000	29.00000
11.00000	11.00000
19.00000	18.00000
7.00000	15.00000
-12.00000	-12.00000
-11.00000	-11.00000
12.00000	20.00000
-22.00000	-23.00000
15.00000	11.00000
-5.00000	-5.00000
6.00000	14.00000
14.00000	17.00000
28.00000	37.00000
21.00000	17.00000
26.00000	34.00000
1.00000	-4.00000
78.00000	87.00000
-6.00000	-6.00000
-38.00000	-37.00000
33.00000	37.00000
23.00000	22.00000
26.00000	34.00000
-21.00000	-22.00000
-17.00000	-17.00000
18.00000	15.00000
21.00000	23.00000
-11.00000	-12.00000
-11.00000	-9.00000
-6.00000	-7.00000
-80.00000	-87.00000
-8.00000	-8.00000
26.00000	31.00000
-25.00000	-20.00000
-8.00000	-4.00000
-26.00000	-22.00000
-66.00000	-68.00000
-11.00000	-11.00000
37.00000	38.00000
44.00000	39.00000
10.00000	7.00000
-2.00000	-1.00000
-24.00000	-24.00000
37.00000	33.00000
-8.00000	-10.00000
-69.00000	-69.00000
20.00000	17.00000
-20.00000	-22.00000
21.00000	26.00000
-16.00000	-19.00000
-18.00000	-11.00000
10.00000	9.00000
13.00000	17.00000
-1.00000	-2.00000
-27.00000	-29.00000
-16.00000	-21.00000
-1.00000	-3.00000
-30.00000	-34.00000
-3.00000	-3.00000
7.00000	12.00000
21.00000	27.00000
14.00000	13.00000
-4.00000	-5.00000
11.00000	15.00000
31.00000	25.00000
-32.00000	-28.00000
79.00000	78.00000
-6.00000	-5.00000
3.00000	3.00000
3.00000	3.00000
-25.00000	-27.00000
-8.00000	-10.00000
-20.00000	-21.00000
13.00000	13.00000
6.00000	9.00000
-8.00000	-9.00000
21.00000	20.00000
29.00000	34.00000
14.00000	10.00000
-16.00000	-18.00000
30.00000	30.00000
-34.00000	-33.00000
13.00000	10.00000
-42.00000	-44.00000
12.00000	14.00000
-6.00000	-6.00000
39.00000	44.00000
14.00000	14.00000
-8.00000	-1.00000
-21.00000	-22.00000
16.00000	15.00000
0.00000	-2.00000
-8.00000	-8.00000
26.00000	33.00000
20.00000	15.00000
52.00000	58.00000
32.00000	27.00000
22.00000	29.00000
24.00000	26.00000
18.00000	27.00000
36.00000	32.00000
-6.00000	-6.00000
-6.00000	-6.00000
-27.00000	-30.00000
-11.00000	-11.00000
-26.00000	-26.00000
0.00000	0.00000
41.00000	36.00000
-46.00000	-48.00000
-28.00000	-29.00000
-6.00000	-7.00000
40.00000	36.00000
-21.00000	-20.00000
-47.00000	-47.00000
-24.00000	-26.00000
95.00000	94.00000
49.00000	49.00000
44.00000	47.00000
53.00000	55.00000
-4.00000	-8.00000
-19.00000	-19.00000
-8.00000	-8.00000
-8.00000	-1.00000
-5.00000	-5.00000
7.00000	7.00000
26.00000	31.00000
-63.00000	-68.00000
-15.00000	-15.00000
-6.00000	-4.00000
-18.00000	-19.00000
8.00000	5.00000
-23.00000	-21.00000
-14.00000	-14.00000
-10.00000	-10.00000
50.00000	54.00000
48.00000	53.00000
-16.00000	-17.00000
-13.00000	-14.00000
29.00000	37.00000
21.00000	23.00000
-5.00000	-5.00000
-11.00000	-6.00000
-2.00000	-1.00000
-17.00000	-20.00000
-2.00000	-3.00000
-18.00000	-21.00000
-64.00000	-67.00000
24.00000	22.00000
-45.00000	-45.00000
-2.00000	-2.00000
-21.00000	-21.00000
30.00000	26.00000
-1.00000	-1.00000
17.00000	19.00000
45.00000	41.00000
-13.00000	-16.00000
-10.00000	-14.00000
-4.00000	-2.00000
-1.00000	5.00000
12.00000	18.00000
-19.00000	-26.00000
26.00000	21.00000
0.00000	0.00000
4.00000	14.00000
64.00000	64.00000
16.00000	14.00000
-6.00000	-7.00000
32.00000	37.00000
-1.00000	-1.00000
37.00000	37.00000
40.00000	49.00000
47.00000	54.00000
42.00000	53.00000
-22.00000	-27.00000
-26.00000	-31.00000
-1.00000	-1.00000
54.00000	51.00000
28.00000	22.00000
-1.00000	-1.00000
10.00000	26.00000
27.00000	32.00000
25.00000	27.00000
-20.00000	-21.00000
-12.00000	-9.00000
31.00000	36.00000
33.00000	36.00000
20.00000	29.00000
14.00000	14.00000
7.00000	17.00000
21.00000	22.00000
2.00000	-5.00000
-9.00000	-8.00000
11.00000	10.00000
7.00000	8.00000
-11.00000	-19.00000
23.00000	22.00000
-7.00000	-9.00000
-1.00000	-1.00000
-10.00000	-11.00000
28.00000	25.00000
-3.00000	-3.00000
28.00000	29.00000
45.00000	51.00000
16.00000	20.00000
18.00000	15.00000
-5.00000	-8.00000
9.00000	8.00000
11.00000	10.00000
-5.00000	-12.00000
15.00000	20.00000
0.00000	0.00000
24.00000	28.00000
7.00000	7.00000
56.00000	72.00000
0.00000	-1.00000
25.00000	26.00000
42.00000	43.00000
43.00000	45.00000
40.00000	39.00000
39.00000	45.00000
56.00000	55.00000
5.00000	8.00000
-27.00000	-30.00000
35.00000	37.00000
31.00000	30.00000
9.00000	16.00000
19.00000	20.00000
19.00000	17.00000
40.00000	43.00000
21.00000	26.00000
-12.00000	-13.00000
-2.00000	-4.00000
35.00000	33.00000
40.00000	49.00000
38.00000	36.00000
18.00000	17.00000
28.00000	22.00000
13.00000	28.00000
20.00000	20.00000
-14.00000	-17.00000
28.00000	31.00000
20.00000	20.00000
-23.00000	-16.00000
35.00000	36.00000
-19.00000	-15.00000
-5.00000	-5.00000
-23.00000	-25.00000
17.00000	20.00000
-15.00000	-15.00000
19.00000	21.00000
31.00000	32.00000
1.00000	-3.00000
5.00000	12.00000
-6.00000	-4.00000
10.00000	12.00000
4.00000	11.00000
-6.00000	-11.00000
20.00000	21.00000
-8.00000	-8.00000
1.00000	-5.00000
1.00000	2.00000
31.00000	32.00000
54.00000	71.00000
-21.00000	-22.00000
-9.00000	-9.00000
24.00000	25.00000
36.00000	34.00000
34.00000	34.00000
36.00000	32.00000
33.00000	23.00000
-21.00000	-21.00000
-5.00000	-5.00000
15.00000	15.00000
-5.00000	-9.00000
29.00000	43.00000
-4.00000	-5.00000
28.00000	23.00000
-15.00000	-15.00000
21.00000	14.00000
-34.00000	-40.00000
16.00000	14.00000
35.00000	30.00000
21.00000	22.00000
-19.00000	-20.00000
-13.00000	-10.00000
24.00000	30.00000
18.00000	13.00000
-16.00000	-6.00000
24.00000	28.00000
5.00000	13.00000
-59.00000	-59.00000
8.00000	10.00000
-25.00000	-25.00000
-3.00000	-3.00000
-49.00000	-45.00000
-12.00000	-13.00000
-6.00000	-7.00000
7.00000	6.00000
-5.00000	-8.00000
20.00000	20.00000
9.00000	9.00000
18.00000	16.00000
5.00000	14.00000
15.00000	12.00000
-22.00000	-25.00000
-36.00000	-41.00000
-3.00000	-3.00000
7.00000	4.00000
-7.00000	-6.00000
4.00000	4.00000
9.00000	12.00000
73.00000	82.00000
-17.00000	-17.00000
-14.00000	-16.00000
-2.00000	5.00000
-8.00000	-8.00000
-5.00000	-4.00000
-15.00000	-17.00000
51.00000	51.00000
-7.00000	-8.00000
-19.00000	-23.00000
-77.00000	-79.00000
5.00000	14.00000
-51.00000	-52.00000
21.00000	13.00000
-27.00000	-28.00000
15.00000	16.00000
13.00000	12.00000
31.00000	26.00000
-6.00000	-7.00000
-2.00000	-6.00000
-13.00000	-10.00000
-17.00000	-18.00000
-57.00000	-58.00000
16.00000	8.00000
19.00000	24.00000
19.00000	30.00000
2.00000	-1.00000
-17.00000	-15.00000
16.00000	18.00000
-15.00000	-14.00000
-7.00000	-7.00000
-42.00000	-42.00000
-7.00000	-21.00000
-24.00000	-27.00000
3.00000	8.00000
-21.00000	-21.00000
-5.00000	4.00000
36.00000	38.00000
24.00000	25.00000
16.00000	12.00000
7.00000	7.00000
6.00000	12.00000
-23.00000	-29.00000
-29.00000	-29.00000
-18.00000	-17.00000
-1.00000	-3.00000
26.00000	16.00000
4.00000	4.00000
-38.00000	-41.00000
75.00000	76.00000
17.00000	12.00000
17.00000	13.00000
2.00000	2.00000
-6.00000	-5.00000
-13.00000	-5.00000
-37.00000	-38.00000
-21.00000	-22.00000
6.00000	18.00000
-8.00000	-7.00000
3.00000	7.00000
11.00000	17.00000
-18.00000	-19.00000
-4.00000	-1.00000
26.00000	29.00000
15.00000	10.00000
-2.00000	-1.00000
14.00000	17.00000
20.00000	20.00000
17.00000	14.00000
-15.00000	-20.00000
-38.00000	-41.00000
-7.00000	-8.00000
28.00000	30.00000
19.00000	17.00000
6.00000	0.00000
-14.00000	-21.00000
34.00000	45.00000
-22.00000	-7.00000
-1.00000	-1.00000
19.00000	18.00000
7.00000	13.00000
33.00000	38.00000
20.00000	19.00000
32.00000	38.00000
33.00000	32.00000
-42.00000	-45.00000
24.00000	25.00000
25.00000	25.00000
18.00000	20.00000
28.00000	17.00000
9.00000	7.00000
-2.00000	-2.00000
6.00000	0.00000
40.00000	49.00000
36.00000	40.00000
49.00000	44.00000
-4.00000	-4.00000
-5.00000	-5.00000
63.00000	65.00000
31.00000	33.00000
-14.00000	-14.00000
14.00000	12.00000
7.00000	11.00000
-38.00000	-39.00000
-3.00000	-3.00000
15.00000	14.00000
1.00000	-3.00000
31.00000	24.00000
-11.00000	-4.00000
25.00000	23.00000
-9.00000	-9.00000
23.00000	31.00000
42.00000	43.00000
33.00000	38.00000
26.00000	29.00000
12.00000	22.00000
33.00000	31.00000
41.00000	41.00000
25.00000	15.00000
-1.00000	6.00000
11.00000	9.00000
22.00000	28.00000
2.00000	-1.00000
-22.00000	-19.00000
39.00000	39.00000
7.00000	11.00000
42.00000	43.00000
-4.00000	-4.00000
29.00000	26.00000
42.00000	44.00000
25.00000	24.00000
-7.00000	-7.00000
26.00000	29.00000
-14.00000	-15.00000
9.00000	7.00000
44.00000	51.00000
17.00000	16.00000
13.00000	22.00000
16.00000	19.00000
-2.00000	-2.00000
18.00000	19.00000
23.00000	33.00000
37.00000	27.00000
14.00000	21.00000
-7.00000	-7.00000
-2.00000	-2.00000
6.00000	7.00000
51.00000	68.00000
-29.00000	-31.00000
-1.00000	3.00000
21.00000	24.00000
-14.00000	-19.00000
30.00000	35.00000
3.00000	-3.00000
2.00000	1.00000
22.00000	21.00000
2.00000	-7.00000
20.00000	21.00000
34.00000	36.00000
8.00000	5.00000
36.00000	29.00000
34.00000	28.00000
8.00000	6.00000
-3.00000	3.00000
34.00000	32.00000
-19.00000	-21.00000
34.00000	35.00000
14.00000	5.00000
-17.00000	-13.00000
10.00000	9.00000
-4.00000	-2.00000
-27.00000	-31.00000
3.00000	2.00000
-45.00000	-45.00000
-3.00000	-3.00000
-7.00000	-9.00000
8.00000	8.00000
16.00000	16.00000
9.00000	11.00000
-20.00000	-20.00000
6.00000	7.00000
-20.00000	-15.00000
-46.00000	-48.00000
20.00000	22.00000
3.00000	-2.00000
-8.00000	-8.00000
-3.00000	-2.00000
41.00000	43.00000
9.00000	19.00000
4.00000	7.00000
6.00000	11.00000
-10.00000	-13.00000
-13.00000	-14.00000
32.00000	30.00000
7.00000	7.00000
-25.00000	-26.00000
60.00000	38.00000
-30.00000	-21.00000
-12.00000	-10.00000
-44.00000	-44.00000
-5.00000	-5.00000
16.00000	15.00000
1.00000	-2.00000
21.00000	33.00000
-13.00000	-14.00000
20.00000	18.00000
-6.00000	-6.00000
-11.00000	-13.00000
-39.00000	-39.00000
8.00000	12.00000
6.00000	10.00000
17.00000	17.00000
-21.00000	-16.00000
5.00000	5.00000
2.00000	2.00000
16.00000	15.00000
-16.00000	-11.00000
33.00000	25.00000
9.00000	5.00000
-23.00000	-19.00000
34.00000	36.00000
-6.00000	-2.00000
23.00000	26.00000
39.00000	31.00000
23.00000	26.00000
55.00000	58.00000
25.00000	15.00000
16.00000	18.00000
19.00000	13.00000
24.00000	23.00000
-11.00000	-12.00000
33.00000	34.00000
19.00000	16.00000
7.00000	13.00000
8.00000	6.00000
25.00000	33.00000
10.00000	4.00000
19.00000	24.00000
36.00000	26.00000
35.00000	23.00000
28.00000	34.00000
26.00000	31.00000
27.00000	21.00000
3.00000	1.00000
-46.00000	-46.00000
68.00000	68.00000
20.00000	19.00000
-2.00000	-3.00000
-4.00000	-4.00000
19.00000	20.00000
-3.00000	4.00000
33.00000	33.00000
3.00000	16.00000
8.00000	13.00000
43.00000	49.00000
-6.00000	-2.00000
34.00000	32.00000
34.00000	35.00000
16.00000	18.00000
29.00000	29.00000
7.00000	8.00000
23.00000	23.00000
16.00000	17.00000
-6.00000	-4.00000
2.00000	5.00000
-21.00000	-29.00000
-51.00000	-45.00000
-8.00000	-16.00000
-6.00000	-7.00000
-56.00000	-52.00000
-10.00000	-10.00000
-19.00000	-19.00000
15.00000	2.00000
-13.00000	-13.00000
3.00000	12.00000
12.00000	18.00000
10.00000	8.00000
-67.00000	-67.00000
-32.00000	-29.00000
-8.00000	-9.00000
-10.00000	-11.00000
-4.00000	-1.00000
2.00000	-13.00000
-7.00000	-7.00000
15.00000	12.00000
3.00000	11.00000
6.00000	0.00000
-13.00000	-15.00000
-23.00000	-27.00000
-5.00000	-5.00000
-11.00000	-12.00000
1.00000	-4.00000
-24.00000	-18.00000
16.00000	13.00000
79.00000	69.00000
-60.00000	-58.00000
-7.00000	-8.00000
-13.00000	-14.00000
-19.00000	-19.00000
27.00000	39.00000
-10.00000	-4.00000
44.00000	41.00000
-6.00000	-7.00000
-48.00000	-50.00000
-61.00000	-63.00000
-6.00000	-6.00000
10.00000	11.00000
-31.00000	-28.00000
-9.00000	-5.00000
18.00000	19.00000
13.00000	16.00000
-47.00000	-50.00000
-60.00000	-66.00000
-58.00000	-61.00000
-52.00000	-50.00000
-36.00000	-42.00000
-30.00000	-28.00000
-89.00000	-94.00000
-12.00000	-17.00000
-22.00000	-24.00000
-36.00000	-41.00000
-7.00000	-7.00000
-10.00000	-13.00000
-26.00000	-24.00000
-82.00000	-85.00000
1.00000	-8.00000
-19.00000	-21.00000
-15.00000	-16.00000
-21.00000	-27.00000
-58.00000	-58.00000
-45.00000	-49.00000
-1.00000	-3.00000
-35.00000	-42.00000
-33.00000	-29.00000
-24.00000	-18.00000
-51.00000	-58.00000
-14.00000	-16.00000
-4.00000	-4.00000
-11.00000	-10.00000
-3.00000	-6.00000
-4.00000	-2.00000
11.00000	12.00000
-77.00000	-80.00000
93.00000	81.00000
-7.00000	-8.00000
-60.00000	-62.00000
-4.00000	-6.00000
-47.00000	-49.00000
-1.00000	-9.00000
-24.00000	-30.00000
-9.00000	-13.00000
-22.00000	-27.00000
-29.00000	-32.00000
4.00000	-11.00000
-37.00000	-42.00000
-49.00000	-52.00000
-5.00000	-7.00000
-44.00000	-53.00000
-20.00000	-25.00000
1.00000	4.00000
-12.00000	-6.00000
-5.00000	7.00000
-42.00000	-36.00000
-21.00000	-25.00000
13.00000	4.00000
-26.00000	-27.00000
-14.00000	-14.00000
1.00000	-3.00000
-9.00000	-26.00000
-11.00000	-12.00000
-3.00000	-6.00000
-9.00000	-10.00000
14.00000	11.00000
26.00000	29.00000
28.00000	26.00000
-10.00000	-11.00000
17.00000	14.00000
5.00000	6.00000
-36.00000	-32.00000
11.00000	12.00000
-36.00000	-38.00000
14.00000	14.00000
19.00000	9.00000
11.00000	20.00000
-15.00000	-18.00000
-29.00000	-31.00000
33.00000	26.00000
-34.00000	-34.00000
-9.00000	-10.00000
9.00000	15.00000
16.00000	15.00000
11.00000	15.00000
68.00000	80.00000
37.00000	29.00000
2.00000	2.00000
-3.00000	-3.00000
7.00000	13.00000
-27.00000	-23.00000
-29.00000	-29.00000
38.00000	34.00000
27.00000	33.00000
1.00000	3.00000
-25.00000	-27.00000
-11.00000	-7.00000
21.00000	25.00000
-8.00000	-10.00000
-44.00000	-41.00000
10.00000	1.00000
13.00000	20.00000
23.00000	30.00000
-11.00000	-1.00000
-21.00000	-27.00000
40.00000	38.00000
-9.00000	-8.00000
-3.00000	-3.00000
4.00000	5.00000
6.00000	2.00000
0.00000	0.00000
28.00000	31.00000
38.00000	41.00000
16.00000	29.00000
18.00000	16.00000
23.00000	26.00000
-16.00000	-17.00000
-5.00000	-10.00000
17.00000	20.00000
13.00000	17.00000
0.00000	0.00000
17.00000	17.00000
43.00000	42.00000
36.00000	39.00000
37.00000	36.00000
22.00000	25.00000
-1.00000	-1.00000
19.00000	18.00000
32.00000	39.00000
-12.00000	-12.00000
27.00000	30.00000
21.00000	14.00000
-27.00000	-32.00000
-5.00000	-5.00000
65.00000	75.00000
-14.00000	-16.00000
19.00000	21.00000
-4.00000	-4.00000
10.00000	14.00000
-3.00000	-3.00000
31.00000	26.00000
53.00000	41.00000
22.00000	29.00000
15.00000	15.00000
21.00000	23.00000
2.00000	8.00000
1.00000	0.00000
9.00000	4.00000
0.00000	3.00000
-42.00000	-37.00000
-8.00000	-14.00000
11.00000	8.00000
-12.00000	-18.00000
16.00000	14.00000
-19.00000	-17.00000
-4.00000	-4.00000
-49.00000	-46.00000
-11.00000	-9.00000
-13.00000	-14.00000
-12.00000	-13.00000
-7.00000	-10.00000
0.00000	-6.00000
-6.00000	-9.00000
15.00000	13.00000
16.00000	21.00000
-25.00000	-23.00000
-23.00000	-14.00000
-30.00000	-26.00000
-7.00000	-7.00000
-39.00000	-40.00000
0.00000	-9.00000
15.00000	18.00000
19.00000	22.00000
-48.00000	-49.00000
-25.00000	-31.00000
3.00000	-7.00000
-8.00000	-8.00000
-11.00000	-10.00000
-3.00000	-7.00000
8.00000	14.00000
-38.00000	-40.00000
-8.00000	-10.00000
0.00000	-3.00000
73.00000	81.00000
-15.00000	-15.00000
-67.00000	-70.00000
14.00000	5.00000
-35.00000	-37.00000
26.00000	30.00000
-14.00000	-19.00000
-3.00000	-2.00000
15.00000	12.00000
-27.00000	-29.00000
-41.00000	-50.00000
-54.00000	-56.00000
-43.00000	-45.00000
-73.00000	-80.00000
-49.00000	-50.00000
-74.00000	-84.00000
-82.00000	-95.00000
-110.00000	-127.00000
-82.00000	-88.00000
-78.00000	-89.00000
-56.00000	-61.00000
-89.00000	-95.00000
-165.00000	-178.00000
-66.00000	-78.00000
-92.00000	-98.00000
-98.00000	-110.00000
-91.00000	-93.00000
-133.00000	-137.00000
-98.00000	-103.00000
-117.00000	-126.00000
-125.00000	-133.00000
-76.00000	-92.00000
-114.00000	-111.00000
-74.00000	-79.00000
-70.00000	-83.00000
-83.00000	-92.00000
-81.00000	-85.00000
-108.00000	-115.00000
-81.00000	-98.00000
-72.00000	-78.00000
-90.00000	-101.00000
-88.00000	-99.00000
-138.00000	-153.00000
-83.00000	-89.00000
-73.00000	-81.00000
-85.00000	-98.00000
-91.00000	-99.00000
-85.00000	-89.00000
-58.00000	-64.00000
0.00000	7.00000
-104.00000	-107.00000
-118.00000	-124.00000
-83.00000	-95.00000
-104.00000	-114.00000
-117.00000	-125.00000
-111.00000	-121.00000
-79.00000	-89.00000
-87.00000	-95.00000
-101.00000	-114.00000
-86.00000	-93.00000
-134.00000	-146.00000
-28.00000	-33.00000
-4.00000	3.00000
18.00000	12.00000
4.00000	8.00000
-60.00000	-68.00000
8.00000	3.00000
-8.00000	-7.00000
-13.00000	-13.00000
-19.00000	-15.00000
14.00000	17.00000
-23.00000	-25.00000
-6.00000	-1.00000
-19.00000	-20.00000
13.00000	16.00000
-30.00000	-25.00000
-8.00000	-14.00000
13.00000	18.00000
-7.00000	5.00000
-23.00000	-21.00000
-16.00000	-31.00000
-11.00000	-11.00000
2.00000	-4.00000
-3.00000	3.00000
7.00000	13.00000
14.00000	13.00000
-39.00000	-39.00000
-12.00000	-12.00000
-12.00000	-15.00000
3.00000	2.00000
-15.00000	-14.00000
-12.00000	-8.00000
20.00000	21.00000
19.00000	20.00000
-12.00000	-13.00000
-8.00000	-6.00000
-60.00000	-59.00000
27.00000	27.00000
61.00000	67.00000
-23.00000	-17.00000
4.00000	3.00000
4.00000	2.00000
8.00000	5.00000
10.00000	-3.00000
-19.00000	-17.00000
-1.00000	0.00000
-19.00000	-18.00000
-28.00000	-30.00000
-80.00000	-82.00000
-32.00000	-37.00000
-2.00000	0.00000
19.00000	16.00000
28.00000	28.00000
6.00000	11.00000
18.00000	21.00000
-35.00000	-31.00000
0.00000	0.00000
-16.00000	-18.00000
-5.00000	-16.00000
-3.00000	-3.00000
-22.00000	-17.00000
-2.00000	-2.00000
6.00000	4.00000
-11.00000	-16.00000
-18.00000	-13.00000
29.00000	32.00000
26.00000	35.00000
-38.00000	-39.00000
-38.00000	-31.00000
-2.00000	-2.00000
6.00000	10.00000
32.00000	37.00000
13.00000	19.00000
33.00000	34.00000
-1.00000	-1.00000
-22.00000	-23.00000
4.00000	4.00000
-1.00000	-5.00000
28.00000	29.00000
31.00000	32.00000
-22.00000	-20.00000
-13.00000	-18.00000
-28.00000	-29.00000
41.00000	41.00000
-13.00000	-13.00000
18.00000	14.00000
-32.00000	-34.00000
73.00000	79.00000
-31.00000	-31.00000
-6.00000	-5.00000
25.00000	28.00000
27.00000	33.00000
30.00000	33.00000
13.00000	13.00000
17.00000	20.00000
-1.00000	-1.00000
-17.00000	-20.00000
2.00000	0.00000
9.00000	4.00000
16.00000	14.00000
7.00000	16.00000
-43.00000	-43.00000
18.00000	24.00000
27.00000	24.00000
-6.00000	-7.00000
-44.00000	-45.00000
-10.00000	-18.00000
-29.00000	-30.00000
-9.00000	-10.00000
-6.00000	-8.00000
23.00000	16.00000
-11.00000	-15.00000
10.00000	10.00000
-8.00000	-8.00000
16.00000	23.00000
4.00000	5.00000
-16.00000	-9.00000
-9.00000	-9.00000
7.00000	3.00000
12.00000	11.00000
13.00000	25.00000
26.00000	24.00000
-32.00000	-32.00000
-29.00000	-29.00000
-7.00000	-9.00000
1.00000	-1.00000
0.00000	2.00000
-14.00000	-11.00000
-5.00000	-9.00000
-44.00000	-43.00000
-18.00000	-18.00000
36.00000	45.00000
-4.00000	-5.00000
16.00000	18.00000
10.00000	17.00000
-34.00000	-33.00000
52.00000	91.00000
33.00000	30.00000
39.00000	38.00000
7.00000	3.00000
12.00000	13.00000
21.00000	22.00000
-1.00000	4.00000
-7.00000	-9.00000
-68.00000	-68.00000
16.00000	19.00000
-23.00000	-24.00000
-23.00000	-25.00000
-16.00000	-14.00000
-2.00000	-5.00000
26.00000	25.00000
-19.00000	-20.00000
0.00000	0.00000
-2.00000	-2.00000
15.00000	11.00000
0.00000	0.00000
13.00000	12.00000
47.00000	42.00000
-24.00000	-25.00000
-43.00000	-45.00000
-5.00000	-6.00000
-9.00000	-9.00000
1.00000	2.00000
-2.00000	-2.00000
-6.00000	1.00000
0.00000	0.00000
20.00000	22.00000
-31.00000	-31.00000
11.00000	8.00000
-11.00000	-12.00000
0.00000	0.00000
-1.00000	-1.00000
41.00000	38.00000
34.00000	26.00000
-12.00000	-12.00000
16.00000	19.00000
-31.00000	-34.00000
-38.00000	-45.00000
0.00000	0.00000
38.00000	43.00000
19.00000	22.00000
-36.00000	-37.00000
1.00000	-2.00000
1.00000	-1.00000
0.00000	0.00000
72.00000	71.00000
-20.00000	-21.00000
44.00000	43.00000
25.00000	22.00000
24.00000	21.00000
16.00000	18.00000
-8.00000	-10.00000
22.00000	28.00000
18.00000	27.00000
-24.00000	-24.00000
8.00000	16.00000
-29.00000	-34.00000
-20.00000	-12.00000
19.00000	17.00000
-24.00000	-23.00000
-5.00000	-6.00000
-20.00000	-20.00000
12.00000	0.00000
-5.00000	-5.00000
18.00000	17.00000
26.00000	29.00000
16.00000	15.00000
1.00000	-6.00000
-12.00000	-16.00000
-2.00000	0.00000
-14.00000	-11.00000
-6.00000	2.00000
10.00000	11.00000
-2.00000	-2.00000
4.00000	5.00000
2.00000	-3.00000
11.00000	1.00000
-20.00000	-23.00000
-13.00000	-15.00000
30.00000	32.00000
7.00000	0.00000
23.00000	21.00000
-39.00000	-39.00000
22.00000	20.00000
-36.00000	-34.00000
-52.00000	-54.00000
-6.00000	-6.00000
-1.00000	1.00000
11.00000	-2.00000
24.00000	21.00000
1.00000	0.00000
34.00000	34.00000
13.00000	17.00000
-40.00000	-42.00000
70.00000	72.00000
13.00000	12.00000
9.00000	16.00000
6.00000	8.00000
30.00000	10.00000
30.00000	15.00000
13.00000	10.00000
10.00000	7.00000
6.00000	0.00000
30.00000	31.00000
-6.00000	-13.00000
-7.00000	-9.00000
26.00000	27.00000
-11.00000	-12.00000
80.00000	84.00000
7.00000	5.00000
-58.00000	-59.00000
74.00000	90.00000
9.00000	16.00000
-14.00000	-14.00000
12.00000	12.00000
24.00000	27.00000
23.00000	31.00000
-20.00000	-20.00000
19.00000	17.00000
15.00000	18.00000
12.00000	9.00000
78.00000	91.00000
26.00000	21.00000
19.00000	17.00000
26.00000	38.00000
15.00000	16.00000
69.00000	77.00000
13.00000	18.00000
22.00000	30.00000
16.00000	20.00000
-23.00000	-23.00000
23.00000	23.00000
14.00000	18.00000
-4.00000	-6.00000
12.00000	21.00000
35.00000	33.00000
-20.00000	-16.00000
24.00000	18.00000
-9.00000	-10.00000
13.00000	19.00000
29.00000	41.00000
-3.00000	-3.00000
14.00000	15.00000
59.00000	61.00000
28.00000	34.00000
26.00000	31.00000
12.00000	17.00000
9.00000	10.00000
33.00000	31.00000
5.00000	7.00000
21.00000	23.00000
4.00000	8.00000
-8.00000	0.00000
-7.00000	-13.00000
33.00000	32.00000
13.00000	16.00000
-1.00000	-1.00000
-11.00000	-12.00000
4.00000	6.00000
-3.00000	-3.00000
27.00000	27.00000
-1.00000	-1.00000
25.00000	30.00000
24.00000	30.00000
22.00000	26.00000
36.00000	38.00000
36.00000	29.00000
12.00000	12.00000
-12.00000	-14.00000
-1.00000	-1.00000
15.00000	12.00000
31.00000	28.00000
21.00000	28.00000
27.00000	32.00000
-4.00000	-4.00000
-8.00000	-8.00000
2.00000	3.00000
22.00000	30.00000
-15.00000	-15.00000
39.00000	35.00000
6.00000	-2.00000
9.00000	3.00000
-16.00000	-17.00000
23.00000	21.00000
-17.00000	-18.00000
22.00000	19.00000
-3.00000	-11.00000
-21.00000	-19.00000
-8.00000	-9.00000
-24.00000	-25.00000
18.00000	21.00000
32.00000	36.00000
63.00000	72.00000
3.00000	10.00000
31.00000	36.00000
32.00000	26.00000
28.00000	28.00000
23.00000	33.00000
-14.00000	-15.00000
47.00000	49.00000
2.00000	10.00000
-21.00000	-19.00000
43.00000	49.00000
32.00000	30.00000
0.00000	0.00000
-2.00000	-3.00000
-14.00000	-14.00000
-4.00000	-5.00000
10.00000	16.00000
-6.00000	-6.00000
50.00000	59.00000
26.00000	30.00000
44.00000	47.00000
-3.00000	-3.00000
50.00000	41.00000
47.00000	45.00000
-13.00000	-14.00000
-2.00000	-2.00000
-15.00000	-15.00000
38.00000	54.00000
52.00000	53.00000
43.00000	44.00000
-3.00000	-3.00000
0.00000	0.00000
-30.00000	-30.00000
-4.00000	-4.00000
0.00000	0.00000
12.00000	13.00000
10.00000	10.00000
-59.00000	-62.00000
-1.00000	-1.00000
-22.00000	-22.00000
-10.00000	-10.00000
-34.00000	-34.00000
-29.00000	-31.00000
-3.00000	-3.00000
-5.00000	-5.00000
56.00000	61.00000
20.00000	17.00000
-9.00000	-9.00000
-1.00000	-1.00000
70.00000	74.00000
-17.00000	-20.00000
-2.00000	-2.00000
-20.00000	-20.00000
21.00000	28.00000
-19.00000	-24.00000
45.00000	55.00000
19.00000	27.00000
-10.00000	-12.00000
38.00000	49.00000
-42.00000	-46.00000
0.00000	0.00000
0.00000	-1.00000
-20.00000	-22.00000
-1.00000	-1.00000
-6.00000	-7.00000
-2.00000	-2.00000
29.00000	33.00000
46.00000	46.00000
-9.00000	-10.00000
-3.00000	-4.00000
43.00000	42.00000
4.00000	4.00000
-12.00000	-14.00000
0.00000	0.00000
-30.00000	-31.00000
24.00000	14.00000
43.00000	38.00000
-32.00000	-34.00000
-15.00000	-16.00000
-2.00000	-2.00000
1.00000	3.00000
18.00000	21.00000
-12.00000	-12.00000
-12.00000	-12.00000
8.00000	15.00000
-15.00000	-19.00000
0.00000	0.00000
-19.00000	-19.00000
-11.00000	-13.00000
-30.00000	-30.00000
-23.00000	-26.00000
0.00000	0.00000
0.00000	0.00000
51.00000	54.00000
73.00000	66.00000
-17.00000	-17.00000
-8.00000	-8.00000
-10.00000	-12.00000
80.00000	86.00000
0.00000	0.00000
-18.00000	-19.00000
-13.00000	-15.00000
-26.00000	-28.00000
-13.00000	-16.00000
6.00000	10.00000
-31.00000	-35.00000
-2.00000	4.00000
-14.00000	-16.00000
0.00000	0.00000
-21.00000	-23.00000
15.00000	4.00000
0.00000	0.00000
20.00000	20.00000
0.00000	0.00000
-28.00000	-31.00000
10.00000	6.00000
30.00000	30.00000
3.00000	-1.00000
25.00000	24.00000
-11.00000	-15.00000
-2.00000	-4.00000
0.00000	0.00000
1.00000	1.00000
-3.00000	2.00000
29.00000	30.00000
-24.00000	-27.00000
-17.00000	-17.00000
-2.00000	-2.00000
27.00000	21.00000
18.00000	24.00000
-6.00000	-6.00000
-6.00000	-7.00000
-23.00000	-25.00000
-4.00000	-4.00000
39.00000	40.00000
11.00000	17.00000
-58.00000	-60.00000
-44.00000	-45.00000
-20.00000	-16.00000
-11.00000	-12.00000
-3.00000	-3.00000
43.00000	40.00000
46.00000	34.00000
21.00000	22.00000
-6.00000	-6.00000
31.00000	28.00000
18.00000	17.00000
68.00000	69.00000
-49.00000	-50.00000
26.00000	31.00000
6.00000	2.00000
13.00000	23.00000
-13.00000	-11.00000
-25.00000	-25.00000
0.00000	2.00000
6.00000	1.00000
-1.00000	-1.00000
-48.00000	-51.00000
-17.00000	-17.00000
17.00000	22.00000
8.00000	13.00000
-16.00000	-16.00000
0.00000	-1.00000
-28.00000	-27.00000
-1.00000	-5.00000
14.00000	17.00000
1.00000	7.00000
12.00000	14.00000
-10.00000	0.00000
-3.00000	-3.00000
22.00000	22.00000
13.00000	20.00000
1.00000	9.00000
18.00000	22.00000
-22.00000	-23.00000
-21.00000	-22.00000
-10.00000	-2.00000
-2.00000	1.00000
-43.00000	-45.00000
5.00000	0.00000
27.00000	27.00000
-45.00000	-50.00000
-19.00000	-19.00000
15.00000	5.00000
-48.00000	-48.00000
52.00000	51.00000
-89.00000	-90.00000
-35.00000	-28.00000
-42.00000	-42.00000
-2.00000	-3.00000
-14.00000	-9.00000
27.00000	40.00000
11.00000	17.00000
16.00000	11.00000
-20.00000	-16.00000
-45.00000	-47.00000
74.00000	71.00000
