epoch36     epoch50
74.33123	100.21261
12.64797	42.64507
17.55768	32.44327
38.84180	25.35053
16.66500	28.29577
17.67462	9.20738
35.37273	41.74555
-3.22226	10.38261
-7.30982	-10.13979
6.50136	-7.55010
-0.98820	-0.02603
-43.50587	-55.79470
6.12102	10.88811
5.12064	16.61194
-24.37864	-19.41774
-45.21140	-56.03636
-26.41510	-35.44011
12.58909	-5.85668
-57.68627	-63.90726
4.09031	4.24608
13.75865	20.65962
-5.65695	-11.53079
-35.05605	-37.09036
-63.03725	-63.24889
3.98639	1.40011
-11.19822	-16.58847
10.57909	3.20984
11.60582	9.41165
9.92939	10.19318
-44.61684	-40.74749
10.03173	-1.77615
12.33336	3.12647
-2.72378	-13.39193
19.42255	21.96628
10.49733	-2.38548
-13.23491	-6.14658
-23.39779	-5.86980
-44.98882	-39.09156
-57.71778	-70.26448
-21.67045	-16.20029
-48.25455	-52.61297
-26.09474	-15.91579
-16.16675	-6.45503
-26.59401	-23.38957
2.37731	-15.35157
-34.29304	-33.29963
-15.66794	-17.98085
5.05536	-13.48544
23.90957	17.68708
61.56570	44.66720
12.68655	9.74926
-8.91534	-12.57277
20.72807	8.99175
-14.95636	-12.17337
2.74433	-13.46041
-6.08307	-6.17249
-7.09729	-11.56756
-9.15956	-5.12776
-13.53620	-6.77057
-4.87859	-8.93001
-12.03154	-4.89956
0.81995	13.70023
-89.95896	-102.42007
-23.25524	-31.74598
-52.40047	-65.57413
-8.87497	-5.40498
2.12879	19.03215
-22.50810	-21.95865
12.87585	5.42830
11.38113	6.84728
-11.38087	-7.10642
-5.87235	11.67194
0.99747	-1.71474
-29.08228	-16.70483
-5.79380	-15.03806
-6.37344	-11.18525
1.33951	-1.83410
1.89251	-8.31252
-20.57861	-20.12061
-14.77796	-7.99935
13.26394	6.60686
-17.29155	-15.58070
-3.36207	-4.62745
11.48498	-2.41540
-17.46622	-20.00581
-23.68382	-1.08309
-55.77477	-47.35113
-10.51391	-13.33313
-32.07985	-34.54657
-3.95301	5.15031
-41.14167	-36.56773
-15.75110	-18.90354
-28.98703	-22.22161
-16.85616	-5.61437
-40.03251	-45.99844
-32.41952	-17.50209
24.81560	34.32648
16.87583	26.35559
67.73408	85.30872
26.76908	25.26500
12.96952	24.02327
19.73254	14.79711
14.18629	4.54871
5.44800	-2.23982
3.29280	4.09755
-0.82775	-12.99743
9.48122	8.04657
0.63996	-1.73737
10.80183	11.33870
21.47963	12.09894
5.62566	4.59677
-65.07650	-75.71588
-4.55244	2.17604
15.71062	7.76507
11.92797	11.58095
-0.00849	-4.48439
11.12255	3.68706
2.70929	1.31386
27.91968	20.01768
12.97764	13.70427
-27.29166	-2.76357
-12.11117	4.84014
9.66090	3.66395
10.02460	10.68944
10.01083	11.55543
1.77979	6.38879
11.25971	6.11517
8.11756	27.42017
8.55963	18.32412
-11.81990	-0.32181
9.26512	-8.22026
-2.51316	-6.05175
-26.84817	-20.21489
10.48522	12.88151
-7.05944	-8.72892
11.45560	2.82537
27.54957	27.19071
-4.41063	5.13389
-0.98778	0.01168
21.76405	15.86511
14.47263	9.66747
1.05808	9.49146
-7.35057	-6.16886
-1.82595	1.53120
21.48342	5.49464
-1.66894	-12.72027
12.06435	12.93727
92.03462	62.38981
29.86219	21.85539
0.40193	7.36549
7.00200	0.26277
3.38581	-4.10528
-38.03699	-37.91143
-30.62707	-15.25064
-14.77270	-10.82715
-75.92130	-80.61056
-15.79302	-26.95077
-5.04695	-15.56019
8.46360	13.76319
-35.05098	-31.18322
-24.09762	-31.91361
13.58205	0.13437
-22.78928	-1.54116
-4.39367	0.12730
1.62863	14.31697
5.81510	7.31452
-1.29968	6.33479
-65.62619	-56.28836
-32.93910	-23.03004
0.78247	-8.80827
-21.48446	-21.28732
11.44545	12.28900
-21.71788	-2.30753
15.28841	7.29157
-5.19948	-5.36585
24.44379	18.89558
22.01020	39.23662
-19.34681	-22.68279
-0.56430	-5.36504
-68.62048	-74.31364
-32.12852	0.16394
-25.72082	-13.75278
-43.21153	-47.68804
-15.77287	-14.19798
48.57526	45.07927
-9.98064	-3.25641
-102.45082	-96.77543
-42.27757	-39.21677
4.38496	9.98327
-26.23256	-37.43339
-22.32424	-20.11687
-3.55470	-6.76989
-2.79628	-5.83822
-15.78220	-13.22323
1.60679	-17.88874
9.48097	-11.44843
62.85143	60.39930
-53.15075	-57.94501
-25.07458	-13.25884
-25.95879	-21.24422
-18.91036	-16.60595
-36.09728	-31.68558
-9.86495	-20.79743
-47.18048	-42.55651
-11.50873	-21.79644
-6.23478	-16.03025
-2.33504	1.18365
-38.86418	-40.96844
-28.32652	-29.83640
-31.10393	-33.97810
-19.10839	-20.38961
-29.99484	-39.52452
-42.38056	-47.39027
-31.04846	-16.57725
4.74344	-15.81147
-83.13927	-84.91119
-37.31841	-38.21874
-45.92927	-47.47134
-31.56391	-38.59235
-18.67419	-14.88807
-34.20172	-45.40823
-15.62229	-14.18969
-29.88324	-26.23154
-1.00576	-9.88316
2.74659	1.55316
-13.21106	-7.46494
-29.52889	-28.77530
-46.94399	-47.96700
-54.25002	-39.27059
-61.97663	-55.17108
-3.57191	-10.23533
-16.40095	-25.07800
-29.01867	-24.09511
-18.17955	-22.34084
-46.77898	-47.37675
-93.78686	-107.21902
-39.63905	-36.40041
-55.93186	-62.42566
-16.88463	-17.75349
-26.26709	-27.97275
28.80551	18.40757
10.86941	0.01072
23.71472	23.21238
13.01808	18.29373
20.27417	2.85088
55.82748	39.60384
13.09781	12.73776
1.33591	10.51456
21.10257	23.84089
6.33036	15.65484
18.05514	15.10658
12.04219	12.26014
16.34428	14.86164
15.52783	19.95181
29.79969	28.38414
24.32123	16.82494
22.45460	26.38156
11.83826	17.62351
8.52168	3.12233
9.88582	9.74208
-30.90831	-27.47032
7.95498	9.40482
17.66874	24.40592
24.38737	21.38153
-4.69210	-9.37962
11.67422	5.38808
15.03115	16.40379
17.61993	11.25728
21.62473	28.53821
-17.99664	0.76741
10.13703	12.15221
16.55478	17.35084
12.58182	14.63625
5.22282	11.19889
7.13035	10.40719
10.92720	9.72806
11.74841	9.90339
12.87669	26.70359
16.55757	15.32518
12.30667	12.77101
30.45663	34.38670
8.81041	13.03383
10.46401	19.28320
11.52516	15.03070
16.49005	19.37630
-8.78172	-12.54900
26.77158	16.65829
8.68595	15.51430
3.71409	-0.52421
-1.66130	0.53827
5.67974	10.39009
3.52727	0.43229
11.64254	-0.35827
-35.07011	-33.72453
53.66916	47.92198
-16.37523	-16.81324
-23.36038	-20.99453
-5.36022	-3.73873
-19.55592	-22.80914
-21.36983	-44.15784
-13.30007	-9.76184
-8.08915	-7.25581
-21.73262	-23.37098
-10.29814	-12.11349
-13.78691	-15.18556
-19.25872	-9.36333
15.44952	-1.07077
-39.89609	-32.69714
-47.48505	-54.13954
-22.01410	-26.04390
-20.14625	-12.84066
-16.91421	-16.17278
-7.03001	-21.98331
-58.99174	-72.42381
-46.26154	-40.93295
-14.79283	-15.68038
-16.83077	-11.33908
-23.55089	-17.36964
-22.27466	-23.79928
-35.10295	-27.18379
18.31004	10.88490
-33.65512	-30.50536
-14.57989	-10.05201
-61.70418	-63.60140
-40.40574	-20.06063
-24.42414	-24.97865
-42.58090	-53.52610
-9.82559	-18.09325
6.46842	13.30550
-17.14853	-18.22403
-22.18611	-25.24061
-23.83473	-26.46931
-19.03396	-14.65476
-22.01329	-14.99032
-30.01131	-35.88861
-14.56039	-12.35665
10.94515	15.27804
3.79581	7.14539
-2.63373	2.18717
-4.33508	0.35828
-6.90409	-9.47242
-2.55508	2.65732
9.81176	10.60405
30.99472	41.61494
-17.47962	-23.45861
9.98619	7.04157
11.32385	21.14276
14.82230	17.77915
8.08659	14.43081
-7.69391	-2.88432
19.26339	12.29636
-22.47134	-23.74149
2.61489	11.71690
-5.98634	-6.60735
-1.30077	-3.51518
5.57715	-1.08977
1.00160	5.52206
-32.74610	-38.72057
2.10610	-1.32732
-5.36054	-3.14440
10.29097	7.89632
1.55343	1.26111
-1.99765	-2.53291
-2.26056	-7.22093
17.25005	-1.51773
-10.23977	-8.44159
-0.34779	-0.88239
-11.79187	-11.94732
23.01618	25.76548
7.43166	24.39212
0.28200	-6.30033
-13.77312	-18.70127
8.52928	15.97109
-2.21809	-9.93079
2.02160	6.40374
3.65457	-0.64286
21.81055	28.54299
-22.08356	-22.21982
16.58076	14.46482
8.45295	6.82309
7.59000	2.78632
-3.99897	-3.99341
-5.08271	-7.64998
-8.53527	-12.14238
-1.36693	0.54933
-6.71040	-7.46279
-35.11349	-40.76365
-26.79133	-30.64292
12.42560	16.36833
-1.11672	-5.26529
-26.26490	-25.69649
-19.64065	-22.94655
59.44759	55.63833
0.78792	-8.94433
7.74941	-1.34399
-42.00745	-46.39311
-8.46760	-9.53284
-17.57627	-16.55211
-20.34837	-20.73252
-15.75070	-16.37441
-10.82355	-7.66107
-17.88640	-12.76442
-2.17811	5.93262
-1.75309	-7.34197
-18.94803	-24.87703
-3.47571	-1.58179
-31.44829	-35.41203
-13.97574	-18.95740
-6.42994	-1.38311
19.99001	19.18573
10.10673	14.28682
-39.39650	-43.87053
-16.51951	-20.32928
-8.75778	-9.60843
-49.22184	-48.65372
-29.22162	-35.19050
-15.36501	-17.01926
3.88377	8.62374
-3.21892	-4.55404
7.84876	15.12589
-20.16301	-19.99755
21.40945	11.85887
27.71055	12.66736
25.29363	23.81751
-12.37750	-10.27826
-14.70874	-5.97743
-34.36547	-24.77466
-9.51907	-8.01877
-14.42160	-11.76608
14.04577	14.05099
30.15631	37.02525
-2.51516	-0.44823
-6.60178	3.09844
6.30703	3.49392
-13.52078	-16.04336
-38.59174	-38.74585
-29.69470	-27.30213
-18.09134	-23.82178
6.72535	-3.67663
-1.34166	-5.18527
8.41507	16.46963
46.67594	34.07792
-4.29001	-0.85053
12.42153	11.73988
37.34709	29.47947
-22.54232	-12.93655
1.78909	-1.63140
15.58866	15.26474
28.26365	22.51277
-14.53415	-19.17365
-4.21797	-14.47765
1.99426	1.94445
5.69817	-0.67452
-3.84328	-9.54631
-7.86351	-5.36938
-2.50562	-1.59410
-9.97244	-7.71013
1.59278	-6.69663
2.33690	-17.81301
-15.50904	-8.69081
0.51567	0.05831
2.74288	10.26670
11.74576	17.44490
-4.75642	-4.81426
-14.32032	-17.91337
14.64251	23.34655
-16.80689	-10.06763
-2.82344	6.41006
19.35854	13.52939
24.54737	8.12384
22.67933	20.08267
7.50331	0.96440
11.98062	11.17737
-8.62443	-9.36845
20.20097	36.05352
7.70526	-3.69325
-2.10364	12.37490
-22.70655	-24.28755
-37.20465	-36.24183
-9.30399	-4.57858
-13.23685	-14.68142
-0.92525	-4.92525
4.64174	5.01210
-9.33820	-3.68386
12.04949	9.89858
-3.34209	3.85612
-18.52991	-16.96206
11.80564	10.54497
11.09423	1.95905
5.72437	-0.01522
36.70154	49.54553
1.54599	14.25627
30.11161	29.04382
8.89357	5.86911
-4.83073	-2.21333
8.67285	3.31950
-7.43698	-3.55883
-2.98984	-6.26114
1.31993	12.88862
1.92536	-16.27774
17.90433	19.41733
-9.35793	-2.57750
0.04510	-2.30179
4.37714	-0.79392
1.43383	-3.19263
19.92746	15.45111
5.97374	7.51828
-4.66128	-1.80763
-16.64589	-20.21294
-8.64430	-0.21393
18.29373	13.85882
-38.56286	-38.46298
-27.00330	-30.18627
-8.42120	3.55908
2.73334	1.38844
-0.96354	-1.76138
16.25202	11.46121
5.16825	-4.02869
7.43140	5.37229
9.93129	22.41885
-38.45264	-45.57493
3.43249	3.31199
8.79593	10.98586
0.44368	5.35146
10.83312	-1.16150
-1.79182	0.15582
-8.04032	-8.67421
-2.28770	5.08555
-34.71486	-38.52044
1.49574	5.23409
10.55302	2.91191
-35.11578	-43.52619
-7.81186	-8.71948
16.82424	12.06441
-9.41638	-12.13204
24.06007	14.55076
-51.73728	-66.52924
11.87584	21.44838
31.10662	27.22695
72.30018	56.56100
33.83948	29.61598
2.43352	2.23514
-8.93603	-10.37131
6.81844	5.81415
-5.85742	1.68616
-11.23342	-11.28481
4.56794	6.84453
11.63425	9.73398
15.41438	17.27524
10.49801	17.30191
14.76329	18.10039
19.82140	13.06879
-0.51781	4.54270
15.08205	13.94730
14.28478	13.13725
8.46777	16.76013
19.76489	22.63712
0.27091	0.42233
12.86728	11.61054
4.02590	-1.12583
-32.86806	-38.95849
19.23514	18.22876
0.47545	9.63380
-1.69037	5.09083
-31.81022	25.34330
18.62392	13.04161
35.33874	34.32437
17.39986	21.60971
-11.53446	-8.12338
-1.78886	-1.38010
20.05931	17.81447
19.76487	25.93886
5.76332	12.36336
13.92548	19.41449
-37.16156	-45.94346
9.82027	12.05516
11.04313	8.42844
4.46263	1.79773
10.30950	9.00351
8.86635	10.10014
7.54949	4.55905
7.21460	9.92393
11.12603	7.12778
22.66968	19.55021
-6.94975	-7.40938
2.43122	3.68173
19.97606	29.26482
14.09132	16.48678
59.54334	51.03184
4.95626	5.55595
-10.80868	-7.64994
20.58846	24.61673
-16.46761	-22.10736
17.79753	2.33943
15.10700	14.57869
15.68452	23.75632
0.32448	-0.54151
10.47248	9.50201
23.79470	26.61092
3.78432	8.27007
11.79078	24.18283
10.74497	3.95842
14.05520	6.55844
11.58635	13.29993
0.36626	-1.15674
-7.94716	-3.43718
27.00770	13.11902
3.48970	13.17777
5.90535	7.28813
-2.49719	2.16565
5.80406	11.77282
-7.76705	-9.85048
-53.39974	-64.32080
14.97422	8.62261
-8.75123	-10.00699
10.71239	13.50557
-32.27135	-30.76356
12.98022	13.15376
15.92832	25.37806
10.37121	13.66708
9.02977	11.54702
21.08359	9.50805
-13.61863	-17.45201
1.85585	10.60573
2.71579	6.62618
17.45752	25.32737
8.55227	19.68507
9.73460	4.09831
32.39142	38.82721
8.65023	5.60374
13.45276	5.77869
-8.79871	-6.99597
-9.49344	-5.86661
2.67831	-5.91228
4.59051	4.65346
20.46669	12.66278
15.01490	14.07689
68.33759	64.55363
-29.06886	-29.46281
-15.86874	-15.99961
-57.82044	-70.37759
2.78183	9.25237
21.66330	27.41550
2.06614	-3.37901
-4.52770	-5.08082
0.58811	5.55136
7.24703	23.14787
3.12916	16.35818
-8.96470	-1.01878
5.41877	4.81591
-0.87928	1.17542
-1.89552	1.05099
-0.51020	-4.40044
10.51469	15.78446
5.74931	5.62811
8.89628	3.67205
0.94603	12.68521
7.20185	2.74745
1.15677	6.77264
7.47714	4.27733
4.92687	-8.86811
11.05991	15.05156
-4.73817	-3.72496
8.78313	1.09759
27.79778	22.91094
-13.60650	-16.23876
-8.37911	-16.93533
8.91147	7.24473
9.42656	7.08806
6.22006	-0.65047
13.42439	18.45273
8.11376	2.82481
11.22984	5.33999
-26.87753	-37.67854
16.31356	9.01602
12.50216	19.76527
8.08036	1.53074
9.24049	6.54869
-9.51091	-0.74919
4.78240	0.60384
-2.69781	2.55157
-6.00959	-8.80787
-21.05300	-16.81992
-15.05800	-10.13439
-2.07598	-3.71030
-3.65823	2.47538
72.03762	60.03404
-9.80101	-10.03582
-19.84295	-19.76062
-23.51790	-26.91798
-11.05271	-9.79307
-11.31652	-12.30928
-22.67069	-20.39407
-26.51129	-19.21424
-21.65549	-29.88911
11.60952	4.50206
-22.96900	-27.41979
-37.44238	-45.15804
-16.02247	-14.73350
11.37523	17.27136
8.63059	9.75192
-18.31407	-13.96056
-3.35097	-1.30325
21.28726	28.42029
26.13480	24.45163
-2.25875	-1.78318
2.15989	-9.44859
-3.35736	-5.37200
2.53295	19.72524
-13.30523	0.46656
-28.16299	-27.14887
-25.83750	-26.79270
17.97667	30.77886
-5.88161	12.00220
6.49014	8.75498
5.21820	-1.44339
9.56086	-7.88837
4.85716	5.28820
-7.82059	-9.50126
-37.99223	-15.11784
-15.44196	-12.12008
3.88210	0.72607
0.48359	-0.81261
-4.89508	-12.07427
-10.41126	-12.93677
21.99174	11.59803
-33.92340	-34.36245
0.81058	-8.48734
11.95103	17.46140
5.63877	12.21913
-1.54763	-4.11084
-2.93436	-5.02467
19.26556	21.01968
1.23752	-1.18573
4.36861	1.29233
75.20950	88.92851
4.74771	0.14744
-2.08513	-0.98504
-42.33438	-45.09889
7.38761	11.16237
9.65554	4.98326
7.81749	7.51619
-5.52515	-7.87097
13.39788	16.74915
-8.44296	2.54537
1.35866	2.91679
-10.76799	1.22134
11.03282	-9.10133
10.86129	17.38413
16.80504	16.48765
31.82951	38.34430
-10.16361	-3.03635
2.62046	5.13185
-11.85843	-13.81380
11.70316	12.12885
6.76949	6.96162
-15.62117	6.64222
-12.10650	-8.51378
-9.06137	-3.67275
-8.19137	-7.65804
-25.30789	-28.51975
16.14813	10.30708
23.87927	13.95935
3.27583	-8.28682
15.22492	0.73814
16.80168	7.77873
-1.36248	-0.03793
6.82575	2.35879
-2.32125	3.32058
4.50176	11.07742
-32.41951	-35.36134
0.17736	8.80899
-10.92683	-9.57264
3.99282	10.32428
-15.93479	-11.29119
8.70142	7.44168
11.95694	16.28180
17.67932	36.79209
-7.72553	-9.22822
6.45348	17.12461
20.56777	29.67238
-5.87808	-3.43884
27.57478	22.62001
23.27968	21.64254
65.79272	85.36438
-9.78446	-2.98404
12.58816	6.21399
13.92359	15.06079
-3.29985	-5.93574
14.29731	10.54765
-7.57511	-2.55516
-4.29875	-0.49006
10.69773	7.10023
-1.00803	1.93931
2.67422	7.89711
10.49254	14.05855
21.48737	20.79132
8.13282	12.60625
13.09722	8.20493
-29.58363	-30.60058
-17.30195	-21.51938
5.42879	8.69261
12.78952	14.12301
22.86356	17.96748
22.26071	-60.36497
31.35980	27.48085
25.52339	23.17263
7.52688	10.49068
-30.21045	-35.74766
16.07695	8.02396
20.31925	35.44338
16.32153	21.99253
20.21243	16.49906
0.51039	-4.99768
-21.29769	-21.76201
11.30460	9.07341
12.49206	33.65505
12.09172	20.86294
22.26375	11.13961
23.75805	39.15883
6.38794	5.41327
24.70210	24.13436
16.83178	5.28151
-16.03177	-14.50086
-20.15757	-20.51886
-0.74222	-2.41030
-5.97187	-13.37651
-8.94635	-2.64727
6.83226	0.35705
18.23025	22.74316
-1.33845	10.46267
-10.32662	-8.19220
-44.83447	-55.14862
47.58634	52.65534
10.25288	12.87412
-7.10671	5.09571
-4.59719	-13.34521
11.57727	6.51308
27.85862	16.00565
20.64225	16.68767
11.66038	5.37778
-6.91346	3.13980
-13.04246	-28.79446
5.21559	3.07812
18.63670	6.10568
-11.66612	-8.02476
-6.95709	-1.80301
20.72808	-0.16227
18.03332	18.52694
15.46628	10.10353
26.11103	22.00597
12.58427	5.89167
20.60174	7.58043
-18.20255	-13.93205
2.32687	4.94310
-24.13491	-18.60530
8.66114	-5.09182
7.67534	20.25371
6.20732	1.25236
4.02002	-3.77850
-7.89191	12.44838
12.35160	22.09177
21.83788	24.53851
3.24081	2.96043
-62.09942	-60.95070
22.66456	12.26302
4.10366	-0.16509
-31.88757	-30.81582
5.40493	13.35597
-26.31759	-22.07772
28.72333	24.29453
-10.52169	-8.07282
-53.11285	-64.43307
-5.81142	-8.75833
-22.46379	-19.22399
7.12399	5.50735
-9.51052	0.71720
17.05086	-9.48210
-35.80003	-35.11107
-35.16341	-34.75762
-1.00875	6.98873
-6.25786	2.41101
67.84762	50.98585
-15.71337	-4.54028
-13.23684	-15.69736
-2.59632	0.52928
9.36395	3.04032
9.30693	9.96478
13.32604	-1.73686
-16.04403	-10.29113
5.35625	0.88754
-7.95696	-4.32097
3.57655	-1.96884
-5.48831	-8.08735
-5.75018	-20.50745
4.58451	6.88689
21.11341	36.07997
-7.43583	-3.64624
0.86549	4.67044
-14.65184	-9.67446
-7.09702	-3.56284
-25.91363	-8.35807
-3.93321	5.50650
-0.75230	-6.12916
-5.72659	-1.39384
7.14679	-3.12727
-0.20876	-2.89988
-21.33359	-19.39146
-22.28994	-18.13401
14.30814	14.95527
-18.76184	-19.02402
-6.02203	-14.70555
-17.19828	-11.14111
-5.22369	-6.59970
-7.73039	-10.92697
5.19159	2.95505
-56.06863	-61.15791
-8.50400	-4.67312
-5.86307	-3.93485
-6.58311	5.48824
13.12404	12.24173
6.86646	-4.63526
6.75626	7.87404
8.03688	12.85650
-1.06682	1.63625
-25.06376	-28.80156
11.31683	7.30789
22.07136	22.64676
33.51676	30.70367
-4.12741	-26.79857
-66.62065	-64.06834
59.01660	51.26184
-3.09254	-2.50951
-15.34612	2.14615
-2.15503	1.47555
-46.30706	-48.82973
5.81562	-6.17534
-13.53941	-1.74202
20.39347	16.99633
5.22638	7.07758
-32.97746	-39.18659
-16.69309	-13.22880
-26.98724	-27.12391
-31.26325	-30.86769
4.28144	13.82479
17.12314	17.70235
-3.02585	-6.20140
20.87923	4.38516
9.39216	19.63078
13.54185	4.70390
7.71231	18.04969
11.30204	3.71695
-23.50884	-27.70009
-36.18562	-34.42530
2.61950	-1.76463
19.36554	7.06624
-10.77576	-11.92144
4.63728	4.82913
8.46318	0.46430
-1.75213	0.36047
12.82254	12.37285
0.69257	3.04237
-6.94909	-11.70175
-19.09842	-18.73623
7.50917	1.60947
-16.54421	-11.36067
-4.10434	-6.11939
9.89607	-0.17400
-7.04225	-5.83577
7.62699	13.54721
14.77443	8.07553
8.14156	12.70425
6.13305	7.54041
2.48269	5.22931
-12.81522	-12.76859
5.70883	6.13085
-12.69467	-14.44087
-1.41783	-5.85279
2.46167	2.83384
-3.63192	-5.89326
46.57154	44.46822
-5.07960	0.66396
0.12191	10.38279
-4.07337	-2.44847
-5.53671	-0.59202
3.00081	5.85986
12.33195	18.22293
-3.13483	0.60097
0.30958	3.85766
12.55761	4.36918
4.22931	1.13215
-0.33431	0.49782
-14.06609	-16.02926
8.07639	3.58252
5.17871	9.64720
-1.90199	-2.50533
-6.56426	-1.16863
-2.93481	0.06446
-4.40705	-6.65619
11.49882	5.50965
20.92005	20.97175
-5.24031	1.10474
14.18960	7.53040
-0.10267	-5.32722
15.30969	14.04959
10.76190	-0.75033
-9.74602	-12.42099
6.10781	7.17331
13.68609	10.04935
4.01161	-0.42628
-7.92414	-3.45022
-3.47502	10.43778
-3.88303	-7.35877
-26.41032	-24.66766
7.10293	11.35390
-28.59199	-28.16331
11.18307	5.17309
-21.06931	-28.76808
-5.96677	-17.60829
-3.38268	0.36629
9.78134	12.83193
-7.81302	1.60480
7.87115	7.30877
-32.95460	-39.37499
30.51693	25.50358
8.50094	0.65131
1.10967	-7.91587
-4.54537	1.88312
-7.93708	-8.49020
44.07785	43.42361
0.94230	5.24920
-3.19376	-6.99476
7.56945	6.70287
-0.59608	2.70903
12.57688	14.92031
-7.15490	-2.65728
11.64960	9.82196
10.07930	10.79177
-8.42057	6.62635
-19.61108	-17.68767
-32.91113	-35.76737
6.02241	2.34341
-2.36020	3.00367
11.31559	3.15471
21.72549	-7.63389
16.27018	10.77030
-2.46234	0.81159
3.33629	10.20142
-12.89458	-7.96699
-9.93995	-8.30292
-19.98650	-11.73882
9.04873	4.58825
22.98092	6.19600
9.21216	8.68266
-1.15682	14.44291
2.06490	-0.63799
-9.73754	-15.80485
21.95186	13.12925
16.92888	23.94729
-34.81378	-23.08835
-0.32673	3.91274
17.26304	18.74166
1.08333	6.83996
13.42015	19.22440
9.20229	5.60492
5.07464	15.51579
10.36549	14.24996
4.41201	0.29386
15.47217	15.02234
19.82331	23.66597
-0.06657	2.26525
-38.81782	-35.10764
-77.71019	-91.92594
15.49212	18.57781
16.90724	26.43536
0.28912	1.98355
14.05642	19.57088
18.51796	14.60922
71.41835	62.84121
26.28242	17.07778
14.10100	14.67626
16.00098	0.91657
-8.03688	-6.76705
6.75652	15.72013
12.40672	14.36803
17.39051	19.75354
7.57143	13.62602
19.99973	20.04218
25.19301	24.67179
-9.24145	-27.46945
5.12305	16.61204
10.98390	17.79199
-1.57316	2.75510
4.85879	1.01913
-2.64757	-6.05144
6.88010	4.17324
26.48279	24.84359
20.54845	28.29594
-0.16776	0.72171
5.43339	4.19295
11.81471	7.98555
29.81977	25.76801
7.15052	-1.36122
8.66517	11.13641
-7.37656	-4.67503
16.19626	15.88220
14.49813	19.19288
-8.99299	-0.76957
-3.67895	6.34569
34.26574	28.27449
13.91644	23.53866
-2.10956	-3.07298
-3.04901	7.40834
13.07393	14.67233
16.09520	21.97526
15.95076	14.42286
19.33957	27.11390
25.84325	23.77724
16.97737	15.31545
32.94820	35.12924
-5.92664	-4.79009
20.42226	19.60796
31.09853	16.71830
-7.15692	6.32544
-2.58066	6.88401
9.80695	-3.28756
34.37941	24.94612
62.40248	45.89875
25.46137	27.04778
23.07731	20.63902
17.97112	11.06598
8.83525	7.11987
13.51656	14.73395
30.12063	25.28268
13.23163	11.84709
17.03938	13.94694
19.44019	21.03940
6.28625	5.32100
9.03828	15.10358
13.74554	21.33614
17.44917	23.04227
17.85400	10.98295
9.24092	6.49034
20.15155	17.54817
25.04739	30.07532
13.49424	26.82149
13.14712	15.00634
-3.96738	6.28296
2.77183	12.42748
18.53488	27.22306
27.92962	24.25072
16.24218	14.53403
-14.65609	-4.49368
24.48749	21.98096
-31.90698	-26.52328
-1.99371	-10.28123
0.61559	6.46445
-1.26070	-4.21855
-5.34098	5.76925
15.23609	11.54308
-6.15220	2.62704
6.03961	6.49385
7.08764	15.44691
11.57642	18.14315
4.26602	2.66791
8.67430	5.95160
-21.47292	-19.25964
5.51847	5.72815
-12.09413	-5.02805
4.77606	-7.26221
24.01000	19.06858
-14.63738	-10.76878
6.28096	13.02775
4.55303	5.84147
30.36883	21.57476
22.83553	18.80722
83.62234	53.07094
5.66979	6.03457
2.40669	0.15488
-10.16784	0.11933
3.84888	4.28011
17.49217	26.11688
10.40726	6.97206
3.84323	7.36891
26.92200	30.66445
-21.24941	-10.91467
12.39623	6.28073
2.12127	6.35111
13.86464	15.11428
-17.28820	17.15702
-38.15534	-33.29214
-20.27956	-14.25800
-24.53575	-19.56989
28.12117	9.70159
-5.20839	-0.44888
0.31588	-3.41962
-9.83487	-5.10668
28.66380	13.67595
20.59732	11.62594
-12.38331	1.02159
-9.73988	-6.35371
-17.12999	-15.05147
-1.30213	-6.11550
-25.78385	-27.89760
-17.34897	-17.67123
-22.58551	-25.88754
-9.24934	-24.38459
-17.21918	-17.53184
23.45682	31.99585
-5.86923	-6.06615
15.20243	18.82503
9.62844	4.88776
-8.95870	-18.64993
-12.05176	-2.69400
-27.34040	-31.69408
-6.41232	-8.09588
-0.33663	3.95839
-7.87333	-7.26610
-9.95077	-18.46653
-0.35592	1.89831
10.99324	13.54490
-18.22782	-21.66758
8.02840	5.31675
-2.16247	-7.43560
-12.18707	-6.28299
58.66311	46.78934
11.37679	-15.80908
-19.14510	-26.08084
-36.68571	-46.50048
-21.55931	-25.98738
-12.79096	-20.28380
3.43210	-0.15116
3.36707	4.46068
-22.49204	-21.14885
-6.57397	-6.70155
13.68973	23.58598
5.78383	19.47469
17.94470	15.08317
5.69312	7.30883
16.32482	25.56453
-29.10034	-32.46048
8.85402	5.54808
8.98384	9.45311
-22.60129	-26.44578
-45.40672	-50.81089
21.96831	18.14967
26.27177	32.44855
-8.22270	10.29809
-8.34339	-15.51875
-0.99376	-8.84028
-29.35158	-21.63666
0.96739	6.00580
9.49425	3.64567
-10.55150	-9.59349
-13.46777	-15.51492
-7.54433	-6.03492
20.52475	17.17699
5.39247	1.30282
4.45136	6.63500
-2.18722	-8.32422
-4.48567	-8.85308
-2.84116	-10.76557
-6.97963	-7.21280
0.43297	1.59733
-25.71781	-25.61778
-5.33213	-9.99734
-0.59352	-1.93633
-3.34638	-1.60889
14.88317	15.16133
0.59138	12.29257
0.38683	0.43450
-9.59814	-8.00845
-11.27242	-12.52702
4.82070	3.03040
37.56088	48.84469
-3.62303	-3.60221
-16.09992	2.24751
7.38128	8.43860
-15.13089	-16.55345
-13.50668	-2.81676
-2.79975	-5.83166
10.69432	9.55659
0.64915	2.30957
3.56416	16.64017
9.74108	3.84690
21.94886	2.44055
10.30108	14.91635
11.28777	4.20106
10.98281	14.99275
-11.19050	-4.82251
-18.16382	-19.16180
-6.73406	-12.21088
3.14272	4.50994
4.62536	4.78194
-3.94067	-1.46487
-17.03421	-16.56094
13.59848	4.24291
-1.36191	10.82964
5.83013	8.94747
14.89478	18.43266
32.05277	37.35378
4.19962	9.39612
16.29154	7.36347
12.93627	17.20262
-26.20095	-32.10222
4.31663	5.30481
2.16128	-4.78271
15.78889	20.65210
17.04371	24.85564
-3.51498	4.18364
34.57769	35.40565
14.91875	10.50445
11.37551	10.90687
-7.70904	-1.35034
7.88322	11.82304
17.14438	10.22149
0.30878	-3.17478
-10.42362	-6.77730
3.44709	12.22083
9.04487	6.29355
12.54482	13.09290
-7.10230	-1.80901
9.13719	10.95282
59.19514	50.64636
21.23502	18.95796
3.24732	13.87783
4.69421	13.39409
21.55886	27.30426
15.80928	32.98412
26.21352	16.85074
18.69193	7.78102
-7.27654	-11.47228
8.61435	1.11631
13.90866	17.23324
0.86409	5.13422
-4.14460	-3.66306
43.83319	38.62738
12.69637	11.38972
6.63768	-0.00253
5.75272	5.74610
24.78226	39.92418
6.93181	12.28854
-19.11027	-24.97193
14.68808	6.67231
11.64489	5.52760
19.42774	22.09719
18.24336	13.20102
15.14006	23.47133
2.90789	8.22571
9.71931	9.22000
-3.56593	-1.37647
25.08433	36.07743
14.12676	18.41246
13.22779	23.23149
-19.99207	-20.96915
11.68319	21.11589
19.61926	26.84275
-1.38068	-1.65624
18.61767	20.80306
21.32648	26.70519
40.72704	32.14821
9.72983	10.93500
13.71281	15.83441
-12.93991	-13.55877
6.27675	-3.70163
4.45832	6.70919
0.07211	0.46772
16.05466	7.79449
15.54890	15.92270
-8.84189	-10.92623
16.41512	20.45704
18.24147	17.71677
52.19195	57.42948
14.02514	23.05080
29.29591	18.11327
16.31225	9.90022
1.93726	2.62905
20.90315	20.34065
11.43241	15.89103
9.70711	16.00748
21.57491	4.39987
-6.91594	-14.26698
-39.27175	-42.71041
-36.73249	-37.04951
5.42973	6.57189
13.96523	10.37178
26.87225	19.19601
16.96099	18.07757
25.31000	18.29170
-13.76694	-13.91981
2.50573	4.19465
5.97444	2.74769
-11.62728	-22.43815
-15.66204	-15.76622
-11.06047	-10.97617
9.72450	10.46581
-38.77754	-40.58458
0.08880	-6.78111
4.63003	-2.71344
-78.41327	-92.26478
-20.77326	-21.16199
10.81162	20.31061
-5.47933	7.81346
-15.50945	-14.65567
-15.75703	-11.85279
-2.57820	5.01322
-13.98920	-4.48666
26.72439	30.74129
24.59490	28.55835
-0.27194	-14.31018
11.28583	24.41667
-10.39039	-25.72847
-3.75794	-1.11131
10.78382	8.36331
14.88113	23.06029
10.87307	19.80505
16.72809	9.45013
-33.74683	-49.37730
-42.78953	-34.16892
8.61561	7.75128
6.98265	14.78677
65.21241	70.07209
24.14284	21.78295
22.67098	15.76696
-0.93176	4.51312
-4.54862	-26.64014
10.85355	2.12511
-38.01266	-38.42212
5.05508	6.73821
-38.94140	-36.44237
-4.64227	-10.97736
-74.21869	-80.64976
-33.00847	-43.58743
18.28005	20.46974
28.52564	27.65021
9.14686	-0.54546
19.22739	23.86704
20.99896	21.09434
-31.50639	-39.55682
-30.44060	-40.41161
16.73275	17.93695
22.99665	17.94718
18.78197	8.70199
13.09826	15.19125
15.12534	22.67742
4.52278	18.41899
13.46262	8.55284
3.76684	15.89634
-35.59900	-44.95658
9.01505	10.81630
10.03412	7.43607
19.70674	18.22794
21.68031	34.03564
-4.62768	3.60655
12.05234	16.44725
25.96423	22.17732
27.04176	33.57204
-6.68535	6.24545
14.47643	20.42658
4.34989	8.46238
3.84541	10.10780
3.01272	-0.02646
16.13821	7.19830
0.92678	9.44157
0.88187	13.24354
-1.38250	9.95803
-10.09020	0.77549
15.63859	8.46144
32.39997	27.64008
13.03899	32.75834
88.24873	53.89240
16.23758	11.93047
12.78999	17.07735
-7.70158	-0.22251
7.26111	11.62320
19.22842	17.41639
9.18853	8.99083
-15.20844	-6.51586
-0.52944	-4.46231
-11.64177	-3.24344
17.80167	14.78765
13.52677	11.74400
26.73499	18.19667
14.61685	15.07879
8.91004	27.60860
5.64208	14.50413
0.09705	-3.82254
9.49955	2.04930
8.21976	0.08511
3.11314	-3.14823
19.02788	17.85827
-1.44134	12.37557
7.68895	29.50514
5.12651	9.60569
9.86652	13.71576
-1.41682	2.23092
-23.37225	-25.73548
-16.96284	-3.95228
-85.58816	-92.52218
-26.46976	-39.23589
-17.04700	-18.23395
-7.76198	13.09093
11.34180	7.11598
-41.45264	-48.31581
-55.35782	-65.96079
10.73286	3.84598
13.10993	-0.89767
-41.43251	-45.75566
1.00104	10.91693
-42.56813	-32.73998
5.17256	7.30968
-8.73684	-5.92098
-10.26311	-15.95516
-48.60636	-50.24392
-36.64335	-24.55165
-2.48005	6.50305
8.58099	4.98806
-8.97559	-7.99227
-10.92684	-4.49642
77.32858	71.05696
11.13162	10.80944
-16.61937	-6.93396
-13.76457	-3.71800
9.60450	-12.28859
-12.53944	3.59603
-30.85306	-30.69920
0.54199	1.73414
-39.19237	-35.02539
-3.76564	7.70148
7.72605	-5.19984
-19.44399	-15.91893
2.30695	1.04049
15.83957	14.88252
-39.61801	-35.61355
-4.65952	2.66785
-10.50602	-12.58594
-31.50456	-28.20289
-26.65023	-24.76948
-19.40081	-17.00442
-1.34568	-6.87605
-7.61376	1.17901
-37.81143	-34.73031
-13.77800	8.37412
-6.38016	-7.88998
-22.36959	-26.87629
-51.21537	-55.52284
-37.93482	-43.67267
-42.87792	-47.78296
-30.45249	-30.97299
-12.62435	-20.66722
3.52724	3.38184
-20.88299	-23.22092
-20.87940	-24.68127
-28.39738	-30.52148
-0.74815	-0.22984
-46.92094	-45.54497
-31.78946	-40.23753
-17.11977	-29.63178
-6.12380	-14.25321
-19.24868	-33.13658
-1.73258	-8.84433
-33.53401	-38.84051
-19.09870	-26.39736
-12.59027	-11.64137
-53.15103	-58.61085
-5.39288	-10.46825
-26.67925	-30.88614
-11.57395	-13.59411
83.51179	46.12181
-30.27361	-35.22401
-5.48426	-12.86574
-20.13828	-27.99067
-45.39563	-53.58848
-75.43358	-92.63335
-33.83882	-36.10592
-44.65038	-52.26262
1.33014	-3.23687
-15.02794	-17.08739
-54.42076	-56.05455
-51.65913	-61.25729
4.72864	-12.42267
-20.52628	-13.58058
6.68060	7.70277
-31.10368	-39.73554
13.58469	4.22344
-11.01062	3.19081
4.88970	1.39258
-1.33554	-0.85807
-1.14611	2.40785
-22.34931	-16.54322
-4.88006	-9.69928
15.73981	18.21318
-3.77623	4.58924
2.88284	2.98263
1.80618	0.91962
1.42869	13.76759
8.13036	3.32115
-9.28213	-19.68506
-5.66793	-1.38282
12.78579	15.94016
-5.24540	-5.31313
-5.94311	-1.80159
16.27585	10.58862
-6.95088	-11.57470
-1.94074	-1.63419
10.94260	0.36883
-4.45764	-2.64508
-8.19696	-12.93277
-25.62441	-28.16633
0.56149	0.03416
6.64260	-8.38237
2.73590	-2.49273
-21.19608	-23.06436
-22.17696	-27.81908
-27.80492	-24.23321
-4.27828	-9.48540
15.43756	16.71897
42.25319	51.16965
6.48274	1.30345
-0.75746	2.63430
16.41739	5.93333
9.37877	5.18454
12.80829	14.93684
9.82940	1.67044
-5.64937	-1.81519
-23.20683	-28.51051
-7.41519	3.18265
-3.73628	3.45508
1.08061	5.65777
-1.80733	0.00680
-12.87381	-13.87089
-22.39119	-16.89225
22.52628	7.08413
10.90821	9.75775
12.60560	20.29557
20.31311	14.79712
12.87401	11.56725
0.84564	14.21129
15.08613	20.28297
4.61413	13.55213
24.11673	26.52646
7.37651	-1.05523
-6.51734	-4.65860
3.62850	8.14599
19.96161	18.28037
8.72538	7.25674
13.43211	6.44802
19.37621	16.35625
7.00277	11.03395
21.50830	23.86531
5.99524	14.29196
11.79546	16.23641
16.21665	25.86316
4.95647	-4.53935
4.65650	11.01849
4.35551	7.48308
17.34370	20.42226
5.15616	15.69854
7.19512	4.41348
-1.05806	3.02831
16.22696	20.01709
14.48873	9.69620
10.93436	-3.08196
10.65124	21.22187
21.88245	31.41013
18.95251	24.71858
73.30764	57.35663
0.03736	12.13097
-1.30591	-1.39616
-8.16444	0.68485
5.50263	5.14473
20.08737	13.71739
31.04695	34.69885
15.37435	8.49963
10.82545	14.14877
12.23243	16.29029
20.13242	9.03691
-3.38600	-13.02251
12.62745	19.87361
-5.44991	-9.80834
10.64779	2.60262
-13.27426	-27.80873
-48.97018	-61.94909
-0.96472	7.95463
-21.86005	-21.48333
-29.88300	-30.30544
-30.84586	-33.02389
-31.36975	-41.02724
21.50000	21.28516
-12.94783	-16.99469
-21.22794	-30.26890
-24.76087	-18.27883
-22.82907	-30.06917
-7.42461	-1.46812
-21.98306	-22.62129
11.96613	20.16389
18.99335	29.14092
-23.78486	-18.66158
-17.59515	-16.17642
7.62857	9.44260
-10.52367	-9.53253
-0.80885	-14.11576
-8.97911	-12.98456
-7.35989	-2.44528
-3.09903	-4.88960
19.01786	20.55269
0.87120	7.40555
-54.49617	-67.58372
-41.09050	-43.44041
-1.10849	-10.11422
-21.84941	-11.13777
-7.31111	-10.08977
-25.10401	-28.32423
-41.68167	-48.00666
-23.78356	-26.70360
70.56825	84.78889
3.15308	-31.13869
14.31470	13.88889
-37.89901	-32.11413
11.54655	16.77360
12.19543	16.40742
-7.75301	-18.24892
-7.84680	-7.80406
6.30466	11.31108
-79.30751	-85.40151
0.47833	15.58704
22.71608	26.09073
-0.17981	5.81566
-20.12567	20.04166
-39.14254	-38.33979
0.31421	4.23363
-4.46860	-9.84109
-34.33005	-38.54515
55.75890	74.76915
18.27775	28.59401
26.46049	48.92187
26.62126	32.14929
39.09677	52.97790
43.89770	72.00885
54.27672	53.82524
-163.98653	-162.04488
-62.00644	-52.41220
26.97628	59.16879
88.18992	100.88046
96.19161	107.13245
45.69871	76.40153
-59.77317	-67.98691
55.20631	55.22115
-35.73746	-25.02516
57.20451	58.92328
-236.95251	-219.93954
65.80530	75.20689
14.57689	13.28742
36.61183	43.45185
34.28679	53.86448
-14.51631	-19.29782
32.25210	36.68184
65.79359	24.71306
35.01898	34.28437
-43.37262	-39.48549
-143.81055	-181.29303
18.24089	4.18720
-118.38947	-97.22695
-5.96868	-27.75126
143.03838	112.82790
48.19470	6.01710
65.45606	83.17481
41.24995	52.07402
-106.95821	-128.27781
-71.82293	-60.84927
15.91610	34.93309
27.54475	45.48665
13.35645	25.42053
1.18120	-1.59674
-50.03233	-49.97963
33.77714	28.13856
-9.31627	-27.27414
-42.88042	-55.51216
-30.08424	-19.23065
-37.60289	-20.90383
-24.03719	-12.06903
-3.73717	-1.05631
-22.33395	0.56655
-33.47011	-51.02337
22.24433	28.00212
-23.80751	-30.72354
-15.08794	-40.27311
-1.27334	6.74938
-70.79157	-83.49703
1.57036	2.35907
-12.84955	-10.46548
-5.26405	0.58495
22.42878	27.05518
-26.72019	-17.76851
-34.19561	-21.57473
4.76595	16.38554
12.85094	9.64307
-15.74448	-20.78298
-22.56841	-22.50539
-5.05657	-14.47799
-50.39205	-36.63538
0.79966	15.02475
-13.11878	-3.71693
-13.18690	-8.42118
-49.63517	-38.93154
-51.93681	-61.08608
-40.56497	-14.23549
-28.16400	-11.52630
-42.23420	-27.65835
14.63515	6.76666
-22.58006	-16.59179
22.74353	26.46163
8.56814	8.13474
87.74145	85.20047
54.31526	58.94552
9.69865	-1.86242
-10.10600	-11.95551
-21.03236	-24.85953
6.52957	-17.97126
-29.05179	-24.91177
-41.62964	-25.53066
-51.71692	-55.18804
18.40277	18.47025
-1.12148	10.87152
4.97195	9.77702
-20.23246	-4.10185
-24.17330	-27.39898
-14.39407	-13.20375
-33.24610	-37.34964
19.34923	17.68205
-14.85398	-10.95314
27.93867	8.42801
32.61959	23.56848
27.84669	16.32335
20.51258	22.46169
3.26943	21.15452
-20.85626	-22.51614
4.84367	6.68803
-17.32651	-13.36908
10.90215	14.72283
25.21628	33.28244
-6.14833	2.65159
-18.76277	-22.77107
25.79850	17.37803
14.68104	5.30568
-2.96826	4.55731
20.08475	17.58435
-18.79562	-7.92705
-28.27660	-29.93045
5.87611	3.48264
8.83975	2.70908
5.73366	10.50803
-35.76301	-38.81140
-17.29674	-22.80524
-8.53389	8.20217
-33.57271	-33.94530
-22.00345	-26.32524
19.08073	22.57229
-0.65889	-6.86261
6.30145	14.70139
16.48505	2.59413
15.41979	15.32442
79.75361	88.61945
17.22151	18.26419
-22.63965	-26.24816
-47.17303	-51.39426
16.44570	11.15359
8.90825	4.19675
-15.45110	-14.93280
1.86190	12.35030
28.50293	27.95003
11.66113	18.65183
-28.68835	-19.06070
-11.83646	-11.69687
-6.94654	-9.23177
-8.67419	-7.36785
4.96194	6.26873
-0.05572	-2.23297
-1.62108	-11.32382
-0.97338	1.33749
13.17335	30.39150
5.34477	-8.45975
7.48548	13.18341
15.25518	11.54908
30.17247	14.24118
5.09026	6.06050
-30.64351	-31.20300
-8.64583	-10.35559
-2.69791	1.10351
-17.53991	-17.68090
-6.71903	-13.37272
3.62980	-2.00413
8.39974	-2.90128
12.17694	18.81707
-4.46284	-8.76084
3.33503	-0.99282
-4.07272	-7.60261
15.31933	-0.49242
5.92550	0.72248
-9.50297	-17.62038
-19.27220	-15.60477
-35.58889	-43.06114
-4.79923	-14.02842
-9.26462	-7.91586
-28.71601	-31.27980
13.09266	5.48962
-1.98044	-10.36939
14.61703	7.59135
8.67640	16.71583
18.79353	25.71541
16.65564	17.75819
28.55971	59.99720
-2.56344	-1.27072
2.12511	-0.07719
-19.75397	-25.42674
-16.35413	-13.56504
-18.95413	-16.57200
-10.11897	-10.19875
15.24771	21.49790
-0.59039	-5.70897
-14.78420	-14.09650
-0.80274	3.04590
19.49412	27.41247
24.30112	16.27596
-32.84056	-35.52958
9.66087	9.45741
6.43275	1.04007
20.08085	20.68354
-2.26592	-0.28100
12.11422	6.84652
-16.29673	-15.38909
-11.16218	-9.31633
25.58184	19.61140
22.42368	12.74991
26.96540	21.91741
-6.43975	-3.05773
-29.19948	-34.02784
13.89159	1.38264
13.62748	1.56602
-1.40213	1.19850
5.31943	2.28078
10.72877	2.17690
22.39955	23.17635
17.18643	16.64896
0.75758	5.60748
-1.52200	3.76621
5.66993	8.71081
-7.35616	-0.24135
-0.05243	4.28473
-20.62224	-24.05574
-32.96200	-33.54578
11.96394	17.92268
8.59173	8.31220
-9.06046	-10.07074
7.03395	15.28879
2.98864	2.05927
-47.32550	-52.90813
-0.08301	1.87911
-20.80928	-23.39291
4.64807	4.67777
68.61247	88.52175
17.60979	20.41879
3.66750	3.03712
7.52576	12.53779
18.58269	11.25186
8.54875	10.92337
-1.61930	-2.16143
-14.80390	-8.59789
-12.44009	-15.00970
-0.97134	8.47649
6.56897	5.49928
9.43326	11.76418
-7.28433	-17.32133
13.11187	6.11549
-60.95001	-55.53596
1.16142	-10.78932
9.92310	-0.12149
-4.11163	14.36752
-6.69708	-3.13780
-4.66445	-4.27288
-28.56391	-15.12879
11.21591	-1.13791
17.09468	17.25389
-4.59512	1.65856
6.31564	0.04136
10.32139	14.83377
9.33753	22.92567
-5.07130	-4.26758
-10.95202	-4.37251
-11.90454	-10.27065
14.65918	22.70106
9.95576	16.17794
6.40568	10.63309
10.62007	7.84032
-31.93913	-8.53407
6.12081	3.61092
13.23752	13.08106
-6.06604	-1.13872
-10.04273	-0.13748
14.95331	21.14726
21.39648	9.17393
-35.94944	-39.26800
-3.20999	7.29374
-27.87369	-29.31636
2.89439	5.06008
-39.34013	-24.58245
-48.58643	-53.77849
0.71473	3.33562
32.96107	29.17841
92.95208	59.92388
2.52527	3.36012
2.12934	6.45993
15.79825	32.57538
27.15357	23.32311
5.12353	7.80806
-6.86942	-6.49554
-2.66492	22.66244
5.22696	14.08947
2.87569	5.49356
-39.44873	-45.14121
-26.33937	-18.36612
6.22890	-1.66333
24.11582	19.02046
21.72078	21.24373
-10.03398	-20.14072
18.99537	24.93953
19.31990	18.28871
24.93056	19.00797
35.64740	49.60567
-6.91093	-23.25165
19.82668	20.43671
27.43788	21.83739
30.87273	25.21208
17.63474	19.24471
17.39746	19.77022
1.49421	-4.89796
24.21427	21.95947
-3.70297	-0.95118
15.82156	12.42678
11.03550	6.21612
12.00953	7.12528
26.99332	21.05737
-16.49494	-7.67878
7.60310	20.54785
17.42345	23.32511
32.13933	25.06941
12.50532	26.45516
9.41710	-0.41097
-34.10210	-33.71941
16.14161	6.16415
9.52266	5.33362
1.68819	18.82843
15.11632	23.18814
7.24457	-3.89743
29.62329	21.27137
1.57885	5.61591
-5.13123	8.20143
7.48975	-3.75002
52.17160	44.78212
21.95416	22.25906
5.02359	-2.84732
18.17814	21.25059
12.39580	6.72553
15.81112	8.05684
3.83213	-8.33041
2.76521	3.63180
0.09869	0.91394
11.12904	20.02350
19.55395	12.40869
9.82021	5.90942
-7.78053	-9.40741
24.21075	22.25925
5.51901	9.55684
14.20946	18.68767
11.07337	3.55939
12.84280	13.78648
17.29400	23.10530
-3.86532	-7.31146
4.98569	4.48154
-6.59035	5.01328
25.20009	30.15859
9.53009	10.15247
5.63932	6.68678
22.42782	18.91788
8.47000	10.78191
8.49717	9.61275
0.50429	-0.83830
2.02077	2.51056
16.02788	11.85110
-3.42554	9.05162
4.60062	6.45908
13.26943	12.85662
20.56900	17.26929
9.59614	12.30363
6.99421	6.66094
8.87574	10.31137
-17.28180	-17.91648
16.68828	12.33538
14.87003	7.96140
-0.87039	-4.74425
9.15776	10.82618
16.14659	20.99604
25.68293	28.12712
-0.55094	-0.39502
31.94165	29.73012
12.27150	31.47492
17.38988	20.94169
47.80703	55.38147
18.93652	12.07743
-6.03839	-4.60552
16.92780	17.66337
14.02704	8.11270
-4.79827	-4.19085
0.13671	-1.46148
6.44229	3.64614
26.50510	28.08504
18.22262	23.30588
6.36829	2.92823
7.52116	12.43580
1.92980	12.59315
5.21457	1.52088
-17.31852	-13.83376
-15.39480	-12.62237
-0.44279	4.86755
-32.97442	-34.33120
-19.18709	-18.60665
26.21043	16.68936
10.22356	6.61756
32.56797	31.37930
7.88534	11.04644
1.95434	1.66566
8.40796	7.52726
8.82075	12.04569
-0.06142	-1.81679
-1.26351	1.14314
6.00971	5.09078
1.64506	1.76491
-10.52608	-1.43150
18.39906	11.49650
22.92713	15.03385
22.96046	17.54624
24.52548	21.80800
-12.57575	-1.51442
15.79333	7.13390
22.55730	33.59105
-0.44612	2.85238
13.40739	14.32993
-25.56767	-35.92878
0.87091	18.16176
14.21638	1.61697
7.30834	-0.26822
-2.13572	2.06917
25.15735	22.59245
21.41329	10.02480
5.91985	-0.71541
10.69265	21.49489
54.73357	61.89825
-7.17950	2.40414
-12.16830	-16.69657
5.09241	3.01184
12.10345	8.84751
16.86934	6.91164
-16.64764	-16.76997
-7.68038	-6.64189
6.23174	-1.03602
-12.58782	-15.78903
-1.70296	4.00578
9.45346	10.95204
23.71961	24.46566
-61.20565	-71.20846
7.21601	9.22289
2.68281	-5.26818
-8.01539	-2.66510
4.79870	8.09240
-14.72718	-17.45660
4.49254	5.77698
-17.43183	-19.62914
-11.51691	3.99171
2.39019	6.57673
-5.29505	-4.89785
16.82383	18.77586
8.46611	12.68205
17.21829	18.34741
3.39031	5.66576
16.98738	21.99392
18.63949	15.62619
12.25855	11.55601
7.29960	5.18168
8.79468	17.13340
4.88074	4.97616
8.91844	1.31340
-17.51855	-18.26686
11.63577	22.58869
7.41203	7.33265
1.29502	0.81819
7.29793	14.99710
16.02414	8.61730
-13.12213	-13.43220
-6.22383	-6.79939
9.37093	4.90781
3.68404	4.07882
12.57747	16.04633
0.32843	-6.31111
-2.24508	4.85907
-26.67877	-32.53179
48.51492	45.29448
21.07124	28.33886
5.75035	6.72689
-17.23995	-22.26850
-39.67940	-44.93671
-12.69877	-15.01704
-17.33332	-21.82765
-10.12155	-11.28279
-31.75432	-34.69665
0.66502	-4.17997
-2.70361	-0.49555
-0.36904	7.67745
7.40633	4.58485
22.18173	18.79962
-7.93157	-1.24007
20.43565	22.66917
-11.89293	-4.44311
-2.10834	-3.57479
-22.06482	-28.51884
17.23403	16.35822
-2.80407	-9.12371
15.31861	17.54224
9.41281	6.04775
-17.97768	-22.13758
7.19597	3.72905
14.17256	15.00839
12.43143	14.94972
-6.25697	-4.46287
28.25691	19.74811
-7.06770	-8.02178
-17.35044	-21.02479
-15.48058	-18.73870
-14.01007	-14.88560
5.26418	3.29732
21.40499	12.37650
7.59100	4.78537
-17.63309	-22.78101
4.39421	4.84383
31.01673	35.56612
-22.52019	-21.32691
-4.27354	8.58386
7.22358	16.64723
9.37922	14.21343
-6.45921	-7.44763
5.49196	13.51089
23.73841	16.96292
11.95407	16.41291
-17.60908	-21.14245
11.41311	0.83259
68.90903	77.41107
19.84925	15.01667
-11.03554	-26.38400
-26.92407	-21.68810
-26.03089	-24.76521
-0.69118	-15.31237
-11.86872	-25.12980
-3.94746	-3.20758
-12.20266	-12.00049
-22.89501	-25.81984
13.81732	13.97284
-23.88477	-31.40222
-1.45269	-9.67289
17.31730	5.45914
-35.96216	-44.44778
-2.03241	-16.89852
16.81062	11.49597
5.79189	5.58789
5.29341	13.75572
-8.22505	-5.63794
-19.73941	-15.45003
-8.76853	8.84345
4.94536	8.74732
-17.87602	-14.85896
-1.47122	-2.04561
-13.91989	-10.27507
-6.92896	2.67753
14.33385	30.89045
-1.82538	-1.93515
-9.78135	-4.22095
-10.74986	-16.10162
-5.12517	-8.05769
-9.84328	-2.37623
-21.20572	-20.22865
-15.17444	-13.41390
-15.05887	-9.83170
-32.03930	-20.77273
14.35685	18.39351
-9.19001	0.61202
16.81659	12.53303
25.76381	22.08823
7.41269	-2.59234
-7.14869	-17.06880
-1.75469	-0.14049
-7.02103	-13.31407
11.77353	13.36161
-27.81308	-35.73450
-37.52391	-36.98733
15.62483	30.19882
84.01990	60.10930
53.00000	44.00000
-59.00000	-62.00000
-46.00000	-48.00000
-69.00000	-67.00000
-91.00000	-99.00000
2.00000	0.00000
-78.00000	-77.00000
8.00000	11.00000
-15.00000	-17.00000
18.00000	16.00000
18.00000	21.00000
4.00000	2.00000
25.00000	26.00000
-14.00000	-17.00000
-35.00000	-36.00000
-15.00000	-12.00000
2.00000	8.00000
-42.00000	-42.00000
-47.00000	-49.00000
-2.00000	-1.00000
-1.00000	-1.00000
5.00000	0.00000
5.00000	9.00000
1.00000	0.00000
2.00000	1.00000
-5.00000	-5.00000
-4.00000	-4.00000
25.00000	27.00000
30.00000	31.00000
15.00000	26.00000
39.00000	36.00000
-36.00000	-32.00000
-51.00000	-55.00000
-8.00000	-8.00000
45.00000	47.00000
3.00000	-7.00000
-23.00000	-12.00000
-22.00000	-16.00000
-21.00000	-24.00000
-8.00000	-9.00000
-16.00000	-18.00000
-8.00000	-8.00000
28.00000	9.00000
3.00000	5.00000
-1.00000	1.00000
9.00000	14.00000
38.00000	43.00000
6.00000	-5.00000
-80.00000	-82.00000
73.00000	92.00000
-37.00000	-39.00000
-61.00000	-63.00000
-115.00000	-119.00000
-6.00000	-5.00000
-95.00000	-97.00000
-8.00000	-8.00000
11.00000	12.00000
17.00000	9.00000
-11.00000	-11.00000
-22.00000	-27.00000
22.00000	22.00000
-60.00000	-60.00000
-36.00000	-38.00000
-27.00000	-26.00000
-6.00000	-8.00000
-33.00000	-30.00000
-86.00000	-88.00000
32.00000	19.00000
-2.00000	-2.00000
-42.00000	-41.00000
-36.00000	-35.00000
-20.00000	-21.00000
-41.00000	-42.00000
-8.00000	-9.00000
29.00000	30.00000
32.00000	25.00000
20.00000	18.00000
42.00000	41.00000
24.00000	34.00000
-68.00000	-68.00000
-22.00000	-28.00000
-5.00000	-6.00000
9.00000	12.00000
46.00000	49.00000
-32.00000	-21.00000
-4.00000	-10.00000
16.00000	19.00000
-4.00000	-6.00000
-10.00000	-12.00000
-26.00000	-27.00000
21.00000	22.00000
13.00000	18.00000
3.00000	-2.00000
18.00000	20.00000
34.00000	42.00000
21.00000	22.00000
-27.00000	-29.00000
-37.00000	-37.00000
64.00000	58.00000
-30.00000	-27.00000
-61.00000	-63.00000
-20.00000	-21.00000
-43.00000	-38.00000
-2.00000	-2.00000
-10.00000	-12.00000
19.00000	23.00000
-2.00000	-2.00000
32.00000	36.00000
42.00000	43.00000
-38.00000	-39.00000
-18.00000	-20.00000
0.00000	-2.00000
16.00000	19.00000
-14.00000	-14.00000
-20.00000	-16.00000
17.00000	13.00000
-1.00000	-1.00000
9.00000	17.00000
7.00000	10.00000
20.00000	23.00000
-13.00000	-14.00000
23.00000	24.00000
-1.00000	-1.00000
38.00000	38.00000
36.00000	33.00000
67.00000	63.00000
31.00000	33.00000
-38.00000	-39.00000
-24.00000	-32.00000
30.00000	37.00000
33.00000	37.00000
5.00000	19.00000
37.00000	37.00000
10.00000	14.00000
42.00000	46.00000
-3.00000	-3.00000
-14.00000	-17.00000
-9.00000	-9.00000
23.00000	26.00000
48.00000	52.00000
26.00000	24.00000
-10.00000	-11.00000
45.00000	47.00000
21.00000	17.00000
-62.00000	-60.00000
-51.00000	-55.00000
-29.00000	-25.00000
68.00000	69.00000
-52.00000	-55.00000
-11.00000	-5.00000
-94.00000	-96.00000
-12.00000	-12.00000
-6.00000	-8.00000
-12.00000	-17.00000
-4.00000	-4.00000
-7.00000	-1.00000
14.00000	25.00000
-5.00000	-7.00000
-54.00000	-56.00000
0.00000	1.00000
-7.00000	-3.00000
-31.00000	-26.00000
-3.00000	-14.00000
39.00000	38.00000
0.00000	-1.00000
-25.00000	-23.00000
1.00000	5.00000
15.00000	4.00000
-3.00000	2.00000
-24.00000	-25.00000
-5.00000	-8.00000
21.00000	24.00000
-16.00000	-13.00000
46.00000	47.00000
4.00000	9.00000
-51.00000	-49.00000
-104.00000	-109.00000
-13.00000	-15.00000
36.00000	33.00000
-16.00000	-20.00000
-20.00000	-17.00000
-16.00000	-2.00000
26.00000	26.00000
12.00000	12.00000
-24.00000	-26.00000
-12.00000	-15.00000
16.00000	21.00000
-11.00000	-2.00000
-6.00000	-7.00000
-6.00000	2.00000
15.00000	15.00000
-6.00000	-11.00000
-102.00000	-102.00000
-69.00000	-66.00000
-39.00000	-33.00000
-82.00000	-78.00000
106.00000	109.00000
-28.00000	-28.00000
-88.00000	-87.00000
-22.00000	-24.00000
-6.00000	-10.00000
-2.00000	-7.00000
0.00000	1.00000
-35.00000	-32.00000
1.00000	2.00000
-29.00000	-30.00000
-63.00000	-65.00000
-25.00000	-21.00000
-11.00000	-9.00000
-11.00000	-10.00000
5.00000	4.00000
-38.00000	-50.00000
-11.00000	-13.00000
-28.00000	-33.00000
-39.00000	-46.00000
-22.00000	-26.00000
-16.00000	-18.00000
-9.00000	-12.00000
-5.00000	-8.00000
-70.00000	-67.00000
-51.00000	-51.00000
-51.00000	-60.00000
8.00000	-2.00000
-76.00000	-76.00000
-36.00000	-38.00000
7.00000	4.00000
-57.00000	-57.00000
-32.00000	-35.00000
19.00000	9.00000
-9.00000	-24.00000
-2.00000	-2.00000
-13.00000	-17.00000
-25.00000	-29.00000
-27.00000	-35.00000
-31.00000	-31.00000
-51.00000	-58.00000
-28.00000	-27.00000
-23.00000	-28.00000
0.00000	-6.00000
-23.00000	-24.00000
0.00000	-5.00000
6.00000	3.00000
-1.00000	3.00000
-12.00000	-11.00000
-2.00000	-1.00000
56.00000	62.00000
-1.00000	-3.00000
0.00000	0.00000
18.00000	22.00000
30.00000	24.00000
-2.00000	-2.00000
29.00000	36.00000
51.00000	48.00000
27.00000	28.00000
-11.00000	-8.00000
-8.00000	-9.00000
24.00000	30.00000
-2.00000	-1.00000
-17.00000	-18.00000
34.00000	25.00000
0.00000	0.00000
21.00000	27.00000
11.00000	12.00000
15.00000	19.00000
-12.00000	-12.00000
26.00000	27.00000
30.00000	40.00000
48.00000	42.00000
50.00000	45.00000
-2.00000	1.00000
42.00000	50.00000
-12.00000	-10.00000
-25.00000	-31.00000
0.00000	0.00000
38.00000	39.00000
0.00000	-3.00000
17.00000	26.00000
9.00000	15.00000
37.00000	41.00000
-3.00000	-3.00000
-15.00000	-15.00000
-12.00000	-12.00000
42.00000	42.00000
54.00000	55.00000
36.00000	32.00000
20.00000	22.00000
-6.00000	-7.00000
29.00000	20.00000
-64.00000	-70.00000
-59.00000	-64.00000
-28.00000	-23.00000
-9.00000	-4.00000
-115.00000	-117.00000
-6.00000	-8.00000
83.00000	93.00000
-15.00000	-17.00000
-24.00000	-26.00000
-17.00000	-15.00000
-22.00000	-23.00000
-11.00000	-8.00000
-8.00000	4.00000
-25.00000	-29.00000
0.00000	-5.00000
0.00000	-5.00000
-13.00000	-18.00000
8.00000	9.00000
-66.00000	-71.00000
10.00000	16.00000
2.00000	1.00000
-27.00000	-38.00000
-28.00000	-22.00000
-7.00000	-4.00000
-34.00000	-29.00000
-26.00000	-29.00000
-10.00000	-11.00000
2.00000	-2.00000
15.00000	16.00000
-30.00000	-36.00000
-7.00000	-14.00000
-21.00000	-32.00000
-46.00000	-51.00000
-15.00000	-16.00000
-16.00000	-15.00000
-47.00000	-44.00000
8.00000	22.00000
-13.00000	-6.00000
-34.00000	-34.00000
-17.00000	-20.00000
-26.00000	-36.00000
0.00000	0.00000
-12.00000	-12.00000
17.00000	13.00000
-19.00000	-14.00000
-34.00000	-41.00000
-31.00000	-42.00000
9.00000	12.00000
-11.00000	-6.00000
-2.00000	5.00000
30.00000	23.00000
-20.00000	-22.00000
-3.00000	-1.00000
13.00000	15.00000
31.00000	23.00000
78.00000	78.00000
-14.00000	-16.00000
-36.00000	-37.00000
-5.00000	-6.00000
-29.00000	-30.00000
-7.00000	-8.00000
6.00000	8.00000
21.00000	22.00000
11.00000	14.00000
16.00000	19.00000
17.00000	14.00000
-15.00000	-25.00000
-9.00000	-3.00000
0.00000	0.00000
-8.00000	-6.00000
14.00000	14.00000
7.00000	12.00000
24.00000	31.00000
-5.00000	-9.00000
-9.00000	-9.00000
17.00000	21.00000
2.00000	2.00000
-8.00000	-8.00000
-1.00000	-3.00000
-7.00000	-6.00000
21.00000	16.00000
-16.00000	-17.00000
33.00000	31.00000
-26.00000	-33.00000
-11.00000	2.00000
-39.00000	-36.00000
-2.00000	-3.00000
15.00000	14.00000
27.00000	29.00000
21.00000	25.00000
-13.00000	-10.00000
5.00000	9.00000
-13.00000	-14.00000
14.00000	16.00000
-6.00000	-6.00000
17.00000	16.00000
6.00000	-1.00000
-17.00000	-14.00000
-4.00000	2.00000
-29.00000	-31.00000
-82.00000	-88.00000
-3.00000	-5.00000
5.00000	2.00000
0.00000	0.00000
79.00000	83.00000
-12.00000	-3.00000
-9.00000	-10.00000
20.00000	17.00000
-6.00000	-8.00000
9.00000	3.00000
1.00000	1.00000
-36.00000	-33.00000
-7.00000	8.00000
7.00000	11.00000
31.00000	34.00000
-51.00000	-51.00000
0.00000	0.00000
-12.00000	-13.00000
5.00000	0.00000
2.00000	0.00000
-5.00000	-3.00000
-37.00000	-39.00000
-9.00000	-13.00000
21.00000	15.00000
-10.00000	-18.00000
-13.00000	-16.00000
-7.00000	-6.00000
-16.00000	-15.00000
9.00000	6.00000
-3.00000	-4.00000
-21.00000	-28.00000
-88.00000	-92.00000
-2.00000	9.00000
-29.00000	-33.00000
-12.00000	-4.00000
-29.00000	-30.00000
11.00000	16.00000
7.00000	-2.00000
23.00000	19.00000
20.00000	19.00000
-27.00000	-26.00000
2.00000	-7.00000
-15.00000	-20.00000
-24.00000	-20.00000
-23.00000	-24.00000
35.00000	28.00000
26.00000	28.00000
12.00000	15.00000
-33.00000	-35.00000
29.00000	32.00000
-19.00000	-19.00000
46.00000	66.00000
77.00000	79.00000
76.00000	67.00000
37.00000	42.00000
31.00000	32.00000
-12.00000	-12.00000
20.00000	26.00000
17.00000	27.00000
39.00000	41.00000
5.00000	10.00000
13.00000	14.00000
-1.00000	6.00000
6.00000	8.00000
22.00000	36.00000
27.00000	25.00000
18.00000	25.00000
25.00000	29.00000
13.00000	24.00000
15.00000	8.00000
91.00000	92.00000
37.00000	47.00000
28.00000	35.00000
-18.00000	-18.00000
34.00000	40.00000
13.00000	16.00000
-7.00000	-7.00000
83.00000	89.00000
43.00000	49.00000
18.00000	17.00000
24.00000	20.00000
25.00000	35.00000
-9.00000	-7.00000
85.00000	88.00000
-3.00000	-3.00000
-4.00000	-4.00000
-14.00000	-2.00000
34.00000	41.00000
39.00000	44.00000
31.00000	40.00000
-9.00000	-10.00000
-14.00000	-8.00000
2.00000	-1.00000
-24.00000	-20.00000
23.00000	24.00000
0.00000	-2.00000
16.00000	13.00000
12.00000	18.00000
19.00000	19.00000
-7.00000	-7.00000
-24.00000	-28.00000
-9.00000	-9.00000
75.00000	73.00000
-37.00000	-39.00000
-11.00000	-11.00000
1.00000	4.00000
9.00000	14.00000
21.00000	24.00000
22.00000	18.00000
13.00000	11.00000
32.00000	28.00000
-6.00000	7.00000
-10.00000	-11.00000
11.00000	7.00000
7.00000	15.00000
14.00000	16.00000
8.00000	11.00000
-18.00000	-18.00000
-19.00000	-19.00000
10.00000	10.00000
7.00000	16.00000
-11.00000	-12.00000
1.00000	-1.00000
3.00000	8.00000
-26.00000	-32.00000
-16.00000	-17.00000
31.00000	40.00000
-18.00000	-22.00000
12.00000	11.00000
-30.00000	-23.00000
-19.00000	-20.00000
-28.00000	-28.00000
22.00000	17.00000
22.00000	25.00000
8.00000	3.00000
14.00000	21.00000
24.00000	21.00000
-8.00000	-11.00000
18.00000	16.00000
30.00000	24.00000
-15.00000	-9.00000
27.00000	29.00000
40.00000	39.00000
-36.00000	-40.00000
7.00000	-1.00000
60.00000	57.00000
-41.00000	-42.00000
-2.00000	-2.00000
-5.00000	-5.00000
17.00000	17.00000
-14.00000	-14.00000
38.00000	74.00000
-1.00000	-1.00000
50.00000	48.00000
14.00000	13.00000
22.00000	25.00000
28.00000	34.00000
48.00000	49.00000
45.00000	36.00000
-6.00000	-2.00000
-3.00000	-3.00000
11.00000	12.00000
27.00000	26.00000
47.00000	61.00000
48.00000	53.00000
-10.00000	-11.00000
-2.00000	-2.00000
8.00000	9.00000
9.00000	10.00000
-1.00000	-1.00000
-4.00000	-5.00000
26.00000	32.00000
-11.00000	-19.00000
-2.00000	-2.00000
-11.00000	-12.00000
10.00000	11.00000
-14.00000	-7.00000
3.00000	2.00000
-22.00000	-25.00000
-5.00000	-5.00000
7.00000	10.00000
-34.00000	-38.00000
12.00000	14.00000
20.00000	24.00000
13.00000	15.00000
-30.00000	-32.00000
0.00000	0.00000
-26.00000	-29.00000
9.00000	9.00000
12.00000	13.00000
36.00000	39.00000
18.00000	18.00000
-7.00000	-12.00000
40.00000	35.00000
-1.00000	3.00000
0.00000	0.00000
-3.00000	-4.00000
-13.00000	-13.00000
-1.00000	-1.00000
-7.00000	-8.00000
68.00000	55.00000
25.00000	29.00000
28.00000	32.00000
35.00000	40.00000
-3.00000	-3.00000
21.00000	23.00000
16.00000	17.00000
-7.00000	-10.00000
0.00000	0.00000
9.00000	4.00000
39.00000	38.00000
37.00000	45.00000
34.00000	35.00000
0.00000	0.00000
-1.00000	-1.00000
6.00000	4.00000
-2.00000	-2.00000
31.00000	33.00000
16.00000	14.00000
11.00000	16.00000
-16.00000	-17.00000
0.00000	0.00000
-9.00000	-2.00000
-7.00000	-10.00000
-32.00000	-33.00000
-26.00000	-30.00000
-2.00000	-2.00000
0.00000	0.00000
30.00000	34.00000
3.00000	-1.00000
-13.00000	-13.00000
-1.00000	-2.00000
-5.00000	-6.00000
-31.00000	-34.00000
-1.00000	-1.00000
-16.00000	-17.00000
-23.00000	-20.00000
-54.00000	-56.00000
-18.00000	-16.00000
-39.00000	-39.00000
-69.00000	-72.00000
9.00000	11.00000
-49.00000	-50.00000
0.00000	0.00000
19.00000	23.00000
39.00000	19.00000
-1.00000	-1.00000
26.00000	26.00000
44.00000	42.00000
56.00000	58.00000
-13.00000	-11.00000
-21.00000	-23.00000
23.00000	31.00000
-13.00000	-14.00000
-52.00000	-54.00000
17.00000	16.00000
33.00000	40.00000
16.00000	17.00000
-28.00000	-29.00000
8.00000	5.00000
-18.00000	-18.00000
21.00000	28.00000
-2.00000	-2.00000
54.00000	45.00000
30.00000	38.00000
36.00000	36.00000
48.00000	55.00000
-52.00000	-52.00000
-18.00000	-24.00000
-2.00000	-2.00000
51.00000	50.00000
7.00000	7.00000
-29.00000	-24.00000
23.00000	17.00000
-2.00000	3.00000
-2.00000	-2.00000
-3.00000	-4.00000
-14.00000	-14.00000
34.00000	34.00000
45.00000	44.00000
15.00000	16.00000
19.00000	24.00000
59.00000	56.00000
15.00000	10.00000
9.00000	6.00000
-7.00000	-5.00000
7.00000	14.00000
-33.00000	-36.00000
-36.00000	-34.00000
17.00000	14.00000
-11.00000	-3.00000
-1.00000	-1.00000
-6.00000	-8.00000
9.00000	15.00000
-3.00000	-4.00000
26.00000	23.00000
10.00000	16.00000
25.00000	24.00000
47.00000	71.00000
-21.00000	-23.00000
-13.00000	-3.00000
-9.00000	-9.00000
7.00000	5.00000
0.00000	12.00000
-2.00000	-2.00000
20.00000	21.00000
30.00000	31.00000
28.00000	27.00000
16.00000	13.00000
-8.00000	-8.00000
-4.00000	-4.00000
-24.00000	-22.00000
8.00000	2.00000
-18.00000	-20.00000
10.00000	23.00000
-53.00000	-51.00000
-71.00000	-75.00000
-3.00000	-4.00000
34.00000	34.00000
-1.00000	-7.00000
20.00000	20.00000
-27.00000	-19.00000
-7.00000	-7.00000
-6.00000	-8.00000
-24.00000	-26.00000
9.00000	11.00000
19.00000	18.00000
0.00000	3.00000
-16.00000	-8.00000
3.00000	8.00000
15.00000	26.00000
34.00000	30.00000
-13.00000	-13.00000
-15.00000	-14.00000
5.00000	3.00000
-18.00000	-25.00000
-27.00000	-33.00000
21.00000	17.00000
-18.00000	-20.00000
-2.00000	-2.00000
0.00000	-1.00000
35.00000	37.00000
26.00000	33.00000
22.00000	28.00000
-10.00000	-12.00000
24.00000	26.00000
36.00000	34.00000
73.00000	68.00000
30.00000	33.00000
2.00000	3.00000
5.00000	3.00000
14.00000	2.00000
0.00000	0.00000
3.00000	8.00000
18.00000	12.00000
8.00000	6.00000
23.00000	18.00000
10.00000	12.00000
0.00000	0.00000
28.00000	28.00000
-9.00000	-7.00000
-58.00000	-59.00000
-44.00000	-38.00000
-15.00000	-16.00000
-14.00000	-17.00000
-2.00000	-2.00000
23.00000	23.00000
3.00000	-1.00000
20.00000	23.00000
2.00000	17.00000
-5.00000	-4.00000
46.00000	51.00000
-7.00000	-8.00000
-12.00000	-6.00000
10.00000	13.00000
11.00000	10.00000
14.00000	16.00000
15.00000	16.00000
-4.00000	-5.00000
-8.00000	-4.00000
-1.00000	-4.00000
-12.00000	-8.00000
24.00000	29.00000
-6.00000	-3.00000
-8.00000	-6.00000
13.00000	10.00000
10.00000	4.00000
-6.00000	-6.00000
9.00000	12.00000
-20.00000	-22.00000
-7.00000	-7.00000
26.00000	29.00000
-3.00000	-3.00000
19.00000	25.00000
6.00000	4.00000
33.00000	31.00000
72.00000	55.00000
3.00000	5.00000
-13.00000	-14.00000
22.00000	18.00000
16.00000	18.00000
2.00000	2.00000
6.00000	8.00000
18.00000	22.00000
18.00000	21.00000
-13.00000	-13.00000
-14.00000	-14.00000
22.00000	21.00000
26.00000	29.00000
20.00000	20.00000
24.00000	34.00000
-15.00000	-13.00000
-18.00000	-20.00000
17.00000	18.00000
29.00000	31.00000
7.00000	7.00000
-49.00000	-49.00000
-2.00000	2.00000
35.00000	31.00000
-12.00000	-13.00000
-7.00000	-8.00000
-16.00000	-16.00000
-10.00000	-12.00000
36.00000	36.00000
32.00000	31.00000
22.00000	26.00000
0.00000	0.00000
10.00000	11.00000
-17.00000	-16.00000
-28.00000	-31.00000
8.00000	14.00000
0.00000	8.00000
-11.00000	-15.00000
31.00000	28.00000
-13.00000	-18.00000
27.00000	32.00000
14.00000	12.00000
12.00000	27.00000
-5.00000	-5.00000
28.00000	29.00000
38.00000	39.00000
14.00000	12.00000
23.00000	20.00000
17.00000	18.00000
22.00000	17.00000
69.00000	56.00000
13.00000	-3.00000
29.00000	28.00000
-1.00000	-1.00000
7.00000	4.00000
19.00000	16.00000
37.00000	31.00000
13.00000	14.00000
19.00000	19.00000
-8.00000	-8.00000
30.00000	28.00000
32.00000	27.00000
-2.00000	5.00000
37.00000	40.00000
-25.00000	-22.00000
-28.00000	-30.00000
-6.00000	-6.00000
12.00000	11.00000
-17.00000	-21.00000
36.00000	43.00000
5.00000	21.00000
34.00000	44.00000
-11.00000	-12.00000
-17.00000	-17.00000
-34.00000	-35.00000
29.00000	28.00000
30.00000	38.00000
17.00000	16.00000
11.00000	20.00000
9.00000	11.00000
24.00000	23.00000
-3.00000	-14.00000
-54.00000	-54.00000
-10.00000	-6.00000
28.00000	24.00000
-49.00000	-51.00000
5.00000	3.00000
-4.00000	0.00000
-8.00000	-9.00000
-7.00000	-4.00000
1.00000	6.00000
-13.00000	-14.00000
0.00000	-2.00000
19.00000	21.00000
-30.00000	-33.00000
-2.00000	-5.00000
-11.00000	-7.00000
2.00000	2.00000
-9.00000	-16.00000
74.00000	67.00000
-6.00000	0.00000
-9.00000	-9.00000
-17.00000	-26.00000
-23.00000	-17.00000
-6.00000	1.00000
-58.00000	-52.00000
8.00000	11.00000
-3.00000	-3.00000
1.00000	6.00000
21.00000	21.00000
-32.00000	-29.00000
11.00000	17.00000
3.00000	3.00000
-27.00000	-31.00000
-4.00000	-5.00000
3.00000	3.00000
13.00000	20.00000
38.00000	45.00000
7.00000	3.00000
6.00000	-2.00000
-6.00000	-7.00000
-19.00000	-22.00000
-52.00000	-55.00000
3.00000	-6.00000
11.00000	16.00000
16.00000	8.00000
-28.00000	-38.00000
-30.00000	-29.00000
-7.00000	-1.00000
-18.00000	-17.00000
-3.00000	-2.00000
8.00000	15.00000
20.00000	30.00000
17.00000	11.00000
20.00000	19.00000
12.00000	7.00000
-11.00000	-12.00000
-10.00000	-11.00000
19.00000	12.00000
-21.00000	-22.00000
9.00000	15.00000
-5.00000	-5.00000
16.00000	6.00000
4.00000	14.00000
26.00000	28.00000
13.00000	21.00000
25.00000	26.00000
-6.00000	1.00000
86.00000	78.00000
-5.00000	-6.00000
-30.00000	-38.00000
42.00000	33.00000
24.00000	23.00000
23.00000	26.00000
-20.00000	-21.00000
-17.00000	-17.00000
9.00000	18.00000
19.00000	21.00000
-9.00000	-11.00000
-9.00000	-11.00000
-8.00000	-6.00000
-80.00000	-80.00000
-8.00000	-8.00000
30.00000	26.00000
-28.00000	-25.00000
0.00000	-8.00000
-22.00000	-26.00000
-65.00000	-66.00000
-10.00000	-11.00000
32.00000	37.00000
36.00000	44.00000
7.00000	10.00000
-4.00000	-2.00000
-26.00000	-24.00000
38.00000	37.00000
-7.00000	-8.00000
-67.00000	-69.00000
20.00000	20.00000
-25.00000	-20.00000
28.00000	21.00000
-19.00000	-16.00000
-12.00000	-18.00000
6.00000	10.00000
7.00000	13.00000
-1.00000	-1.00000
-23.00000	-27.00000
-17.00000	-16.00000
-1.00000	-1.00000
-27.00000	-30.00000
-2.00000	-3.00000
16.00000	7.00000
24.00000	21.00000
19.00000	14.00000
-4.00000	-4.00000
8.00000	11.00000
20.00000	31.00000
-36.00000	-32.00000
87.00000	79.00000
-2.00000	-6.00000
-3.00000	3.00000
4.00000	3.00000
-29.00000	-25.00000
-5.00000	-8.00000
-20.00000	-20.00000
14.00000	13.00000
6.00000	6.00000
-6.00000	-8.00000
23.00000	21.00000
25.00000	29.00000
21.00000	14.00000
-14.00000	-16.00000
32.00000	30.00000
-36.00000	-34.00000
1.00000	13.00000
-45.00000	-42.00000
16.00000	12.00000
-6.00000	-6.00000
39.00000	39.00000
9.00000	14.00000
-12.00000	-8.00000
-19.00000	-21.00000
21.00000	16.00000
-2.00000	0.00000
-7.00000	-8.00000
33.00000	26.00000
12.00000	20.00000
51.00000	52.00000
23.00000	32.00000
25.00000	22.00000
25.00000	24.00000
16.00000	18.00000
32.00000	36.00000
-5.00000	-6.00000
-6.00000	-6.00000
-27.00000	-27.00000
-10.00000	-11.00000
-24.00000	-26.00000
0.00000	0.00000
36.00000	41.00000
-44.00000	-46.00000
-27.00000	-28.00000
-4.00000	-6.00000
46.00000	40.00000
-26.00000	-21.00000
-46.00000	-47.00000
-22.00000	-24.00000
85.00000	95.00000
43.00000	49.00000
38.00000	44.00000
57.00000	53.00000
-4.00000	-4.00000
-16.00000	-19.00000
-13.00000	-8.00000
-4.00000	-8.00000
-5.00000	-5.00000
2.00000	7.00000
25.00000	26.00000
-59.00000	-63.00000
-13.00000	-15.00000
-6.00000	-6.00000
-17.00000	-18.00000
0.00000	8.00000
-23.00000	-23.00000
-13.00000	-14.00000
-8.00000	-10.00000
49.00000	50.00000
50.00000	48.00000
-16.00000	-16.00000
-12.00000	-13.00000
26.00000	29.00000
27.00000	21.00000
-5.00000	-5.00000
-14.00000	-11.00000
-2.00000	-2.00000
-21.00000	-17.00000
-4.00000	-2.00000
-19.00000	-18.00000
-59.00000	-64.00000
23.00000	24.00000
-42.00000	-45.00000
-2.00000	-2.00000
-19.00000	-21.00000
26.00000	30.00000
-1.00000	-1.00000
19.00000	17.00000
44.00000	45.00000
-18.00000	-13.00000
-12.00000	-10.00000
-4.00000	-4.00000
2.00000	-1.00000
19.00000	12.00000
-18.00000	-19.00000
23.00000	26.00000
0.00000	0.00000
13.00000	4.00000
52.00000	64.00000
13.00000	16.00000
-5.00000	-6.00000
30.00000	32.00000
-1.00000	-1.00000
37.00000	37.00000
42.00000	40.00000
47.00000	47.00000
47.00000	42.00000
-23.00000	-22.00000
-23.00000	-26.00000
-1.00000	-1.00000
43.00000	54.00000
29.00000	28.00000
-12.00000	-1.00000
17.00000	10.00000
22.00000	27.00000
25.00000	25.00000
-20.00000	-20.00000
-11.00000	-12.00000
27.00000	31.00000
36.00000	33.00000
23.00000	20.00000
14.00000	14.00000
12.00000	7.00000
16.00000	21.00000
-3.00000	2.00000
-14.00000	-9.00000
13.00000	11.00000
7.00000	7.00000
-19.00000	-11.00000
23.00000	23.00000
-6.00000	-7.00000
-1.00000	-1.00000
-9.00000	-10.00000
31.00000	28.00000
-3.00000	-3.00000
27.00000	28.00000
45.00000	45.00000
13.00000	16.00000
11.00000	18.00000
-6.00000	-5.00000
9.00000	9.00000
6.00000	11.00000
-12.00000	-5.00000
27.00000	15.00000
0.00000	0.00000
24.00000	24.00000
7.00000	7.00000
57.00000	56.00000
2.00000	0.00000
23.00000	25.00000
38.00000	42.00000
42.00000	43.00000
31.00000	40.00000
46.00000	39.00000
47.00000	56.00000
-3.00000	5.00000
-22.00000	-27.00000
26.00000	35.00000
31.00000	31.00000
14.00000	9.00000
8.00000	19.00000
8.00000	19.00000
29.00000	40.00000
21.00000	21.00000
-11.00000	-12.00000
-10.00000	-2.00000
37.00000	35.00000
45.00000	40.00000
37.00000	38.00000
23.00000	18.00000
28.00000	28.00000
33.00000	13.00000
12.00000	20.00000
-21.00000	-14.00000
24.00000	28.00000
16.00000	20.00000
-13.00000	-23.00000
33.00000	35.00000
-15.00000	-19.00000
-5.00000	-5.00000
-21.00000	-23.00000
14.00000	17.00000
-15.00000	-15.00000
18.00000	19.00000
22.00000	31.00000
3.00000	1.00000
3.00000	5.00000
-3.00000	-6.00000
12.00000	10.00000
5.00000	4.00000
-9.00000	-6.00000
19.00000	20.00000
-8.00000	-8.00000
-3.00000	1.00000
1.00000	1.00000
29.00000	31.00000
44.00000	54.00000
-21.00000	-21.00000
-9.00000	-9.00000
22.00000	24.00000
38.00000	36.00000
25.00000	34.00000
24.00000	36.00000
24.00000	33.00000
-13.00000	-21.00000
-5.00000	-5.00000
19.00000	15.00000
3.00000	-5.00000
32.00000	29.00000
1.00000	-4.00000
28.00000	28.00000
-13.00000	-15.00000
7.00000	21.00000
-40.00000	-34.00000
14.00000	16.00000
30.00000	35.00000
20.00000	21.00000
-21.00000	-19.00000
-12.00000	-13.00000
11.00000	24.00000
13.00000	18.00000
-19.00000	-16.00000
25.00000	24.00000
12.00000	5.00000
-50.00000	-59.00000
10.00000	8.00000
-25.00000	-25.00000
-3.00000	-3.00000
-51.00000	-49.00000
-4.00000	-12.00000
-4.00000	-6.00000
9.00000	7.00000
-4.00000	-5.00000
19.00000	20.00000
10.00000	9.00000
19.00000	18.00000
15.00000	5.00000
20.00000	15.00000
-21.00000	-22.00000
-34.00000	-36.00000
-3.00000	-3.00000
6.00000	7.00000
-5.00000	-7.00000
10.00000	4.00000
16.00000	9.00000
87.00000	73.00000
-12.00000	-17.00000
-15.00000	-14.00000
3.00000	-2.00000
-6.00000	-8.00000
-8.00000	-5.00000
-18.00000	-15.00000
48.00000	51.00000
-6.00000	-7.00000
-22.00000	-19.00000
-77.00000	-77.00000
-2.00000	5.00000
-57.00000	-51.00000
17.00000	21.00000
-27.00000	-27.00000
12.00000	15.00000
17.00000	13.00000
23.00000	31.00000
-8.00000	-6.00000
1.00000	-2.00000
-10.00000	-13.00000
-15.00000	-17.00000
-55.00000	-57.00000
4.00000	16.00000
27.00000	19.00000
24.00000	19.00000
-8.00000	2.00000
-8.00000	-17.00000
19.00000	16.00000
-17.00000	-15.00000
-6.00000	-7.00000
-38.00000	-42.00000
-11.00000	-7.00000
-19.00000	-24.00000
3.00000	3.00000
-19.00000	-21.00000
-3.00000	-5.00000
38.00000	36.00000
24.00000	24.00000
13.00000	16.00000
-1.00000	7.00000
6.00000	6.00000
-25.00000	-23.00000
-29.00000	-29.00000
-14.00000	-18.00000
-1.00000	-1.00000
20.00000	26.00000
2.00000	4.00000
-36.00000	-38.00000
69.00000	75.00000
17.00000	17.00000
11.00000	17.00000
2.00000	2.00000
-7.00000	-6.00000
-4.00000	-13.00000
-37.00000	-37.00000
-18.00000	-21.00000
19.00000	6.00000
-12.00000	-8.00000
-4.00000	3.00000
7.00000	11.00000
-18.00000	-18.00000
-9.00000	-4.00000
27.00000	26.00000
7.00000	15.00000
3.00000	-2.00000
8.00000	14.00000
17.00000	20.00000
11.00000	17.00000
-12.00000	-15.00000
-36.00000	-38.00000
-6.00000	-7.00000
28.00000	28.00000
13.00000	19.00000
0.00000	6.00000
-15.00000	-14.00000
32.00000	34.00000
-4.00000	-22.00000
-1.00000	-1.00000
16.00000	19.00000
10.00000	7.00000
30.00000	33.00000
25.00000	20.00000
32.00000	32.00000
28.00000	33.00000
-47.00000	-42.00000
26.00000	24.00000
23.00000	25.00000
19.00000	18.00000
19.00000	28.00000
2.00000	9.00000
-2.00000	-2.00000
1.00000	6.00000
45.00000	40.00000
40.00000	36.00000
45.00000	49.00000
-4.00000	-4.00000
-5.00000	-5.00000
49.00000	63.00000
28.00000	31.00000
-13.00000	-14.00000
14.00000	14.00000
3.00000	7.00000
-40.00000	-38.00000
-3.00000	-3.00000
18.00000	15.00000
-4.00000	1.00000
23.00000	31.00000
-13.00000	-11.00000
18.00000	25.00000
-9.00000	-9.00000
29.00000	23.00000
34.00000	42.00000
34.00000	33.00000
22.00000	26.00000
11.00000	12.00000
27.00000	33.00000
39.00000	41.00000
23.00000	25.00000
-1.00000	-1.00000
8.00000	11.00000
16.00000	22.00000
-3.00000	2.00000
-20.00000	-22.00000
35.00000	39.00000
8.00000	7.00000
40.00000	42.00000
-4.00000	-4.00000
31.00000	29.00000
41.00000	42.00000
29.00000	25.00000
-7.00000	-7.00000
20.00000	26.00000
-20.00000	-14.00000
9.00000	9.00000
47.00000	44.00000
20.00000	17.00000
17.00000	13.00000
16.00000	16.00000
-2.00000	-2.00000
22.00000	18.00000
27.00000	23.00000
22.00000	37.00000
20.00000	14.00000
-6.00000	-7.00000
-2.00000	-2.00000
2.00000	6.00000
68.00000	51.00000
-29.00000	-29.00000
-2.00000	-1.00000
19.00000	21.00000
-15.00000	-14.00000
23.00000	30.00000
-3.00000	3.00000
3.00000	2.00000
20.00000	22.00000
5.00000	2.00000
21.00000	20.00000
29.00000	34.00000
10.00000	8.00000
31.00000	36.00000
38.00000	34.00000
4.00000	8.00000
3.00000	-3.00000
31.00000	34.00000
-16.00000	-19.00000
28.00000	34.00000
10.00000	14.00000
-16.00000	-17.00000
5.00000	10.00000
-3.00000	-4.00000
-25.00000	-27.00000
6.00000	3.00000
-40.00000	-45.00000
-3.00000	-3.00000
-7.00000	-7.00000
6.00000	8.00000
13.00000	16.00000
8.00000	9.00000
-16.00000	-20.00000
10.00000	6.00000
-16.00000	-20.00000
-44.00000	-46.00000
22.00000	20.00000
1.00000	3.00000
-11.00000	-8.00000
-2.00000	-3.00000
38.00000	41.00000
17.00000	9.00000
9.00000	4.00000
8.00000	6.00000
-12.00000	-10.00000
-11.00000	-13.00000
30.00000	32.00000
0.00000	7.00000
-24.00000	-25.00000
71.00000	60.00000
-27.00000	-30.00000
-7.00000	-12.00000
-38.00000	-44.00000
-5.00000	-5.00000
7.00000	16.00000
0.00000	1.00000
19.00000	21.00000
-16.00000	-13.00000
28.00000	20.00000
-6.00000	-6.00000
-7.00000	-11.00000
-39.00000	-39.00000
13.00000	8.00000
11.00000	6.00000
18.00000	17.00000
-27.00000	-21.00000
3.00000	5.00000
0.00000	2.00000
12.00000	16.00000
-11.00000	-16.00000
23.00000	33.00000
8.00000	9.00000
-20.00000	-23.00000
29.00000	34.00000
-7.00000	-6.00000
19.00000	23.00000
30.00000	39.00000
32.00000	23.00000
46.00000	55.00000
20.00000	25.00000
7.00000	16.00000
13.00000	19.00000
20.00000	24.00000
-10.00000	-11.00000
37.00000	33.00000
17.00000	19.00000
1.00000	7.00000
5.00000	8.00000
22.00000	25.00000
8.00000	10.00000
29.00000	19.00000
24.00000	36.00000
25.00000	35.00000
32.00000	28.00000
23.00000	26.00000
21.00000	27.00000
-2.00000	3.00000
-44.00000	-46.00000
47.00000	68.00000
11.00000	20.00000
0.00000	-2.00000
-4.00000	-4.00000
18.00000	19.00000
5.00000	-3.00000
27.00000	33.00000
2.00000	3.00000
7.00000	8.00000
47.00000	43.00000
-8.00000	-6.00000
27.00000	34.00000
28.00000	34.00000
10.00000	16.00000
27.00000	29.00000
17.00000	7.00000
20.00000	23.00000
8.00000	16.00000
-5.00000	-6.00000
-4.00000	2.00000
-25.00000	-21.00000
-47.00000	-51.00000
-15.00000	-8.00000
-9.00000	-6.00000
-55.00000	-56.00000
-10.00000	-10.00000
-18.00000	-19.00000
1.00000	15.00000
-10.00000	-13.00000
1.00000	3.00000
17.00000	12.00000
3.00000	10.00000
-71.00000	-67.00000
-32.00000	-32.00000
-13.00000	-8.00000
-14.00000	-10.00000
-2.00000	-4.00000
7.00000	2.00000
-5.00000	-7.00000
4.00000	15.00000
5.00000	3.00000
-3.00000	6.00000
-30.00000	-13.00000
-21.00000	-23.00000
-5.00000	-5.00000
-8.00000	-11.00000
-3.00000	1.00000
-20.00000	-24.00000
19.00000	16.00000
80.00000	79.00000
-56.00000	-60.00000
-7.00000	-7.00000
-16.00000	-13.00000
-22.00000	-19.00000
28.00000	27.00000
-4.00000	-10.00000
35.00000	44.00000
-5.00000	-6.00000
-47.00000	-48.00000
-57.00000	-61.00000
-4.00000	-6.00000
18.00000	10.00000
-32.00000	-31.00000
-10.00000	-9.00000
9.00000	18.00000
9.00000	13.00000
-41.00000	-47.00000
-55.00000	-60.00000
-53.00000	-58.00000
-50.00000	-52.00000
-27.00000	-36.00000
-26.00000	-30.00000
-85.00000	-89.00000
-11.00000	-12.00000
-14.00000	-22.00000
-31.00000	-36.00000
-4.00000	-7.00000
-6.00000	-10.00000
-18.00000	-26.00000
-73.00000	-82.00000
-3.00000	1.00000
-16.00000	-19.00000
-9.00000	-15.00000
-14.00000	-21.00000
-52.00000	-58.00000
-32.00000	-45.00000
0.00000	-1.00000
-26.00000	-35.00000
-24.00000	-33.00000
-25.00000	-24.00000
-45.00000	-51.00000
-9.00000	-14.00000
-4.00000	-4.00000
-8.00000	-11.00000
-2.00000	-3.00000
-4.00000	-4.00000
12.00000	11.00000
-67.00000	-77.00000
107.00000	93.00000
-4.00000	-7.00000
-56.00000	-60.00000
-5.00000	-4.00000
-43.00000	-47.00000
5.00000	-1.00000
-20.00000	-24.00000
-5.00000	-9.00000
-17.00000	-22.00000
-27.00000	-29.00000
0.00000	4.00000
-32.00000	-37.00000
-49.00000	-49.00000
2.00000	-5.00000
-35.00000	-44.00000
-23.00000	-20.00000
3.00000	1.00000
-9.00000	-12.00000
4.00000	-5.00000
-45.00000	-42.00000
-18.00000	-21.00000
8.00000	13.00000
-34.00000	-26.00000
-14.00000	-14.00000
1.00000	1.00000
-7.00000	-9.00000
-11.00000	-11.00000
0.00000	-3.00000
-8.00000	-9.00000
9.00000	14.00000
25.00000	26.00000
26.00000	28.00000
-9.00000	-10.00000
26.00000	17.00000
3.00000	5.00000
-39.00000	-36.00000
10.00000	11.00000
-38.00000	-36.00000
18.00000	14.00000
14.00000	19.00000
18.00000	11.00000
-11.00000	-15.00000
-29.00000	-29.00000
28.00000	33.00000
-32.00000	-34.00000
-8.00000	-9.00000
10.00000	9.00000
14.00000	16.00000
18.00000	11.00000
84.00000	68.00000
22.00000	37.00000
2.00000	2.00000
-5.00000	-3.00000
-9.00000	7.00000
-23.00000	-27.00000
-29.00000	-29.00000
34.00000	38.00000
29.00000	27.00000
3.00000	1.00000
-25.00000	-25.00000
-14.00000	-11.00000
22.00000	21.00000
-5.00000	-8.00000
-39.00000	-44.00000
5.00000	10.00000
21.00000	13.00000
23.00000	23.00000
-10.00000	-11.00000
-25.00000	-21.00000
32.00000	40.00000
-11.00000	-9.00000
-2.00000	-3.00000
8.00000	4.00000
13.00000	6.00000
0.00000	0.00000
24.00000	28.00000
37.00000	38.00000
30.00000	16.00000
23.00000	18.00000
19.00000	23.00000
-15.00000	-16.00000
-10.00000	-5.00000
13.00000	17.00000
16.00000	13.00000
0.00000	0.00000
17.00000	17.00000
40.00000	43.00000
38.00000	36.00000
28.00000	37.00000
20.00000	22.00000
-1.00000	-1.00000
13.00000	19.00000
30.00000	32.00000
-12.00000	-12.00000
24.00000	27.00000
21.00000	21.00000
-32.00000	-27.00000
-5.00000	-5.00000
61.00000	65.00000
-14.00000	-14.00000
15.00000	19.00000
-7.00000	-4.00000
11.00000	10.00000
-3.00000	-3.00000
24.00000	31.00000
47.00000	53.00000
29.00000	22.00000
11.00000	15.00000
18.00000	21.00000
0.00000	2.00000
0.00000	1.00000
14.00000	9.00000
10.00000	0.00000
-37.00000	-42.00000
-2.00000	-8.00000
15.00000	11.00000
-16.00000	-12.00000
5.00000	16.00000
-13.00000	-19.00000
-4.00000	-4.00000
-50.00000	-49.00000
-12.00000	-11.00000
-12.00000	-13.00000
-11.00000	-12.00000
-7.00000	-7.00000
-2.00000	0.00000
-2.00000	-6.00000
15.00000	15.00000
22.00000	16.00000
-19.00000	-25.00000
-22.00000	-23.00000
-26.00000	-30.00000
-7.00000	-7.00000
-34.00000	-39.00000
8.00000	0.00000
6.00000	15.00000
19.00000	19.00000
-45.00000	-48.00000
-25.00000	-25.00000
-3.00000	3.00000
-7.00000	-8.00000
-12.00000	-11.00000
-5.00000	-3.00000
3.00000	8.00000
-33.00000	-38.00000
-6.00000	-8.00000
-3.00000	0.00000
77.00000	73.00000
-20.00000	-15.00000
-73.00000	-67.00000
17.00000	14.00000
-29.00000	-35.00000
30.00000	26.00000
-13.00000	-14.00000
-8.00000	-3.00000
18.00000	15.00000
-26.00000	-27.00000
-41.00000	-41.00000
-49.00000	-54.00000
-41.00000	-43.00000
-63.00000	-73.00000
-38.00000	-49.00000
-63.00000	-74.00000
-78.00000	-82.00000
-99.00000	-110.00000
-63.00000	-82.00000
-68.00000	-78.00000
-41.00000	-56.00000
-72.00000	-89.00000
-158.00000	-165.00000
-61.00000	-66.00000
-71.00000	-92.00000
-84.00000	-98.00000
-73.00000	-91.00000
-118.00000	-133.00000
-83.00000	-98.00000
-99.00000	-117.00000
-104.00000	-125.00000
-74.00000	-76.00000
-101.00000	-114.00000
-56.00000	-74.00000
-68.00000	-70.00000
-79.00000	-83.00000
-65.00000	-81.00000
-89.00000	-108.00000
-71.00000	-81.00000
-64.00000	-72.00000
-76.00000	-90.00000
-81.00000	-88.00000
-115.00000	-138.00000
-76.00000	-83.00000
-67.00000	-73.00000
-57.00000	-85.00000
-86.00000	-91.00000
-77.00000	-85.00000
-48.00000	-58.00000
23.00000	0.00000
-85.00000	-104.00000
-106.00000	-118.00000
-76.00000	-83.00000
-81.00000	-104.00000
-108.00000	-117.00000
-94.00000	-111.00000
-65.00000	-79.00000
-67.00000	-87.00000
-87.00000	-101.00000
-67.00000	-86.00000
-123.00000	-134.00000
-43.00000	-28.00000
2.00000	-4.00000
13.00000	18.00000
1.00000	4.00000
-65.00000	-60.00000
7.00000	8.00000
-12.00000	-8.00000
-13.00000	-13.00000
-21.00000	-19.00000
16.00000	14.00000
-21.00000	-23.00000
-15.00000	-6.00000
-18.00000	-19.00000
3.00000	13.00000
-23.00000	-30.00000
-3.00000	-8.00000
11.00000	13.00000
5.00000	-7.00000
-28.00000	-23.00000
-26.00000	-16.00000
-11.00000	-11.00000
-7.00000	2.00000
-4.00000	-3.00000
8.00000	7.00000
15.00000	14.00000
-37.00000	-39.00000
-12.00000	-12.00000
-12.00000	-12.00000
-5.00000	3.00000
-8.00000	-15.00000
-18.00000	-12.00000
18.00000	20.00000
22.00000	19.00000
-12.00000	-12.00000
-5.00000	-8.00000
-61.00000	-60.00000
16.00000	27.00000
46.00000	61.00000
-24.00000	-23.00000
-3.00000	4.00000
-8.00000	4.00000
-1.00000	8.00000
-4.00000	10.00000
-16.00000	-19.00000
-12.00000	-1.00000
-22.00000	-19.00000
-25.00000	-28.00000
-82.00000	-80.00000
-34.00000	-32.00000
1.00000	-2.00000
17.00000	19.00000
28.00000	28.00000
5.00000	6.00000
23.00000	18.00000
-36.00000	-35.00000
0.00000	0.00000
-15.00000	-16.00000
-16.00000	-5.00000
-3.00000	-3.00000
-23.00000	-22.00000
-2.00000	-2.00000
6.00000	6.00000
-12.00000	-11.00000
-17.00000	-18.00000
31.00000	29.00000
26.00000	26.00000
-36.00000	-38.00000
-36.00000	-38.00000
-2.00000	-2.00000
5.00000	6.00000
36.00000	32.00000
23.00000	13.00000
25.00000	33.00000
-1.00000	-1.00000
-20.00000	-22.00000
4.00000	4.00000
3.00000	-1.00000
20.00000	28.00000
25.00000	31.00000
-20.00000	-22.00000
-13.00000	-13.00000
-27.00000	-28.00000
45.00000	41.00000
-12.00000	-13.00000
5.00000	18.00000
-38.00000	-32.00000
66.00000	73.00000
-31.00000	-31.00000
-2.00000	-6.00000
24.00000	25.00000
33.00000	27.00000
31.00000	30.00000
12.00000	13.00000
17.00000	17.00000
-1.00000	-1.00000
-24.00000	-17.00000
12.00000	2.00000
14.00000	9.00000
11.00000	16.00000
3.00000	7.00000
-36.00000	-43.00000
20.00000	18.00000
28.00000	27.00000
-6.00000	-6.00000
-42.00000	-44.00000
-7.00000	-10.00000
-29.00000	-29.00000
-12.00000	-9.00000
-6.00000	-6.00000
16.00000	23.00000
-5.00000	-11.00000
15.00000	10.00000
-15.00000	-8.00000
7.00000	16.00000
0.00000	4.00000
-9.00000	-16.00000
-9.00000	-9.00000
7.00000	7.00000
7.00000	12.00000
12.00000	13.00000
25.00000	26.00000
-32.00000	-32.00000
-29.00000	-29.00000
-6.00000	-7.00000
2.00000	1.00000
1.00000	0.00000
-12.00000	-14.00000
-8.00000	-5.00000
-37.00000	-44.00000
-15.00000	-18.00000
34.00000	36.00000
2.00000	-4.00000
10.00000	16.00000
7.00000	10.00000
-36.00000	-34.00000
81.00000	52.00000
25.00000	33.00000
45.00000	39.00000
5.00000	7.00000
14.00000	12.00000
23.00000	21.00000
1.00000	-1.00000
-5.00000	-7.00000
-67.00000	-68.00000
18.00000	16.00000
-21.00000	-23.00000
-16.00000	-23.00000
-17.00000	-16.00000
-4.00000	-2.00000
25.00000	26.00000
-13.00000	-19.00000
0.00000	0.00000
-2.00000	-2.00000
24.00000	15.00000
0.00000	0.00000
22.00000	13.00000
44.00000	47.00000
-24.00000	-24.00000
-43.00000	-43.00000
-3.00000	-5.00000
-7.00000	-9.00000
0.00000	1.00000
1.00000	-2.00000
-11.00000	-6.00000
0.00000	0.00000
23.00000	20.00000
-25.00000	-31.00000
7.00000	11.00000
-11.00000	-11.00000
0.00000	0.00000
-1.00000	-1.00000
43.00000	41.00000
31.00000	34.00000
-9.00000	-12.00000
18.00000	16.00000
-34.00000	-31.00000
-33.00000	-38.00000
0.00000	0.00000
32.00000	38.00000
21.00000	19.00000
-36.00000	-36.00000
-7.00000	1.00000
-2.00000	1.00000
0.00000	0.00000
65.00000	72.00000
-20.00000	-20.00000
42.00000	44.00000
22.00000	25.00000
17.00000	24.00000
12.00000	16.00000
-8.00000	-8.00000
25.00000	22.00000
26.00000	18.00000
-21.00000	-24.00000
10.00000	8.00000
-36.00000	-29.00000
-16.00000	-20.00000
11.00000	19.00000
-27.00000	-24.00000
-5.00000	-5.00000
-18.00000	-20.00000
5.00000	12.00000
-3.00000	-5.00000
21.00000	18.00000
25.00000	26.00000
18.00000	16.00000
-1.00000	1.00000
-17.00000	-12.00000
-4.00000	-2.00000
-17.00000	-14.00000
-5.00000	-6.00000
15.00000	10.00000
-2.00000	-2.00000
4.00000	4.00000
-4.00000	2.00000
10.00000	11.00000
-22.00000	-20.00000
-13.00000	-13.00000
22.00000	30.00000
6.00000	7.00000
25.00000	23.00000
-36.00000	-39.00000
25.00000	22.00000
-41.00000	-36.00000
-45.00000	-52.00000
-5.00000	-6.00000
-3.00000	-1.00000
-3.00000	11.00000
16.00000	24.00000
-1.00000	1.00000
35.00000	34.00000
10.00000	13.00000
-40.00000	-40.00000
43.00000	70.00000
19.00000	13.00000
9.00000	9.00000
6.00000	6.00000
13.00000	30.00000
30.00000	30.00000
11.00000	13.00000
7.00000	10.00000
-1.00000	6.00000
31.00000	30.00000
-10.00000	-6.00000
-7.00000	-7.00000
21.00000	26.00000
-10.00000	-11.00000
80.00000	80.00000
-5.00000	7.00000
-57.00000	-58.00000
74.00000	74.00000
11.00000	9.00000
-11.00000	-14.00000
10.00000	12.00000
21.00000	24.00000
20.00000	23.00000
-18.00000	-20.00000
16.00000	19.00000
14.00000	15.00000
2.00000	12.00000
81.00000	78.00000
21.00000	26.00000
12.00000	19.00000
29.00000	26.00000
18.00000	15.00000
65.00000	69.00000
10.00000	13.00000
22.00000	22.00000
11.00000	16.00000
-20.00000	-23.00000
27.00000	23.00000
17.00000	14.00000
-4.00000	-4.00000
9.00000	12.00000
31.00000	35.00000
-9.00000	-20.00000
18.00000	24.00000
-10.00000	-9.00000
14.00000	13.00000
37.00000	29.00000
-3.00000	-3.00000
12.00000	14.00000
69.00000	59.00000
24.00000	28.00000
26.00000	26.00000
8.00000	12.00000
5.00000	9.00000
37.00000	33.00000
-3.00000	5.00000
18.00000	21.00000
0.00000	4.00000
-2.00000	-8.00000
-12.00000	-7.00000
21.00000	33.00000
17.00000	13.00000
-1.00000	-1.00000
-9.00000	-11.00000
7.00000	4.00000
-3.00000	-3.00000
25.00000	27.00000
-1.00000	-1.00000
31.00000	25.00000
27.00000	24.00000
19.00000	22.00000
40.00000	36.00000
34.00000	36.00000
16.00000	12.00000
-12.00000	-12.00000
-1.00000	-1.00000
10.00000	15.00000
19.00000	31.00000
28.00000	21.00000
30.00000	27.00000
-4.00000	-4.00000
-8.00000	-8.00000
1.00000	2.00000
22.00000	22.00000
-10.00000	-15.00000
38.00000	39.00000
0.00000	6.00000
15.00000	9.00000
-16.00000	-16.00000
32.00000	23.00000
-18.00000	-17.00000
15.00000	22.00000
-9.00000	-3.00000
-19.00000	-21.00000
-7.00000	-8.00000
-23.00000	-24.00000
9.00000	18.00000
25.00000	32.00000
66.00000	63.00000
6.00000	3.00000
30.00000	31.00000
31.00000	32.00000
23.00000	28.00000
28.00000	23.00000
-16.00000	-14.00000
50.00000	47.00000
2.00000	2.00000
-16.00000	-21.00000
48.00000	43.00000
24.00000	32.00000
0.00000	0.00000
-2.00000	-2.00000
-11.00000	-14.00000
-4.00000	-4.00000
7.00000	10.00000
-6.00000	-6.00000
51.00000	50.00000
19.00000	26.00000
44.00000	44.00000
-2.00000	-3.00000
44.00000	50.00000
42.00000	47.00000
-12.00000	-13.00000
-2.00000	-2.00000
-14.00000	-15.00000
50.00000	38.00000
45.00000	52.00000
38.00000	43.00000
-2.00000	-3.00000
0.00000	0.00000
-30.00000	-30.00000
-4.00000	-4.00000
0.00000	0.00000
10.00000	12.00000
4.00000	10.00000
-60.00000	-59.00000
-1.00000	-1.00000
-22.00000	-22.00000
-10.00000	-10.00000
-33.00000	-34.00000
-28.00000	-29.00000
-3.00000	-3.00000
-4.00000	-5.00000
57.00000	56.00000
15.00000	20.00000
-9.00000	-9.00000
-1.00000	-1.00000
68.00000	70.00000
-16.00000	-17.00000
-2.00000	-2.00000
-19.00000	-20.00000
26.00000	21.00000
-22.00000	-19.00000
52.00000	45.00000
20.00000	19.00000
-13.00000	-10.00000
39.00000	38.00000
-39.00000	-42.00000
0.00000	0.00000
0.00000	0.00000
-18.00000	-20.00000
-1.00000	-1.00000
-6.00000	-6.00000
-2.00000	-2.00000
26.00000	29.00000
42.00000	46.00000
-4.00000	-9.00000
-2.00000	-3.00000
42.00000	43.00000
0.00000	4.00000
-11.00000	-12.00000
0.00000	0.00000
-26.00000	-30.00000
13.00000	24.00000
32.00000	43.00000
-37.00000	-32.00000
-12.00000	-15.00000
-2.00000	-2.00000
1.00000	1.00000
18.00000	18.00000
-12.00000	-12.00000
-12.00000	-12.00000
6.00000	8.00000
-12.00000	-15.00000
0.00000	0.00000
-19.00000	-19.00000
-10.00000	-11.00000
-30.00000	-30.00000
-20.00000	-23.00000
0.00000	0.00000
0.00000	0.00000
52.00000	51.00000
67.00000	73.00000
-17.00000	-17.00000
-7.00000	-8.00000
-9.00000	-10.00000
76.00000	80.00000
0.00000	0.00000
-17.00000	-18.00000
-10.00000	-13.00000
-18.00000	-26.00000
-11.00000	-13.00000
5.00000	6.00000
-22.00000	-31.00000
-2.00000	-2.00000
-10.00000	-14.00000
0.00000	0.00000
-20.00000	-21.00000
10.00000	15.00000
0.00000	0.00000
21.00000	20.00000
0.00000	0.00000
-28.00000	-28.00000
11.00000	10.00000
32.00000	30.00000
2.00000	3.00000
24.00000	25.00000
-10.00000	-11.00000
-6.00000	-2.00000
0.00000	0.00000
3.00000	1.00000
2.00000	-3.00000
35.00000	29.00000
-24.00000	-24.00000
-16.00000	-17.00000
-1.00000	-2.00000
22.00000	27.00000
16.00000	18.00000
-4.00000	-6.00000
-4.00000	-6.00000
-16.00000	-23.00000
-2.00000	-4.00000
32.00000	39.00000
14.00000	11.00000
-56.00000	-58.00000
-43.00000	-44.00000
-20.00000	-20.00000
-6.00000	-11.00000
-3.00000	-3.00000
37.00000	43.00000
40.00000	46.00000
24.00000	21.00000
-5.00000	-6.00000
24.00000	31.00000
25.00000	18.00000
61.00000	68.00000
-46.00000	-49.00000
31.00000	26.00000
8.00000	6.00000
15.00000	13.00000
-3.00000	-13.00000
-27.00000	-25.00000
0.00000	0.00000
10.00000	6.00000
-1.00000	-1.00000
-43.00000	-48.00000
-14.00000	-17.00000
17.00000	17.00000
3.00000	8.00000
-14.00000	-16.00000
-8.00000	0.00000
-25.00000	-28.00000
0.00000	-1.00000
11.00000	14.00000
0.00000	1.00000
13.00000	12.00000
0.00000	-10.00000
-3.00000	-3.00000
18.00000	22.00000
-1.00000	13.00000
2.00000	1.00000
23.00000	18.00000
-22.00000	-22.00000
-20.00000	-21.00000
-6.00000	-10.00000
7.00000	-2.00000
-39.00000	-43.00000
-3.00000	5.00000
24.00000	27.00000
-32.00000	-45.00000
-14.00000	-19.00000
9.00000	15.00000
-52.00000	-48.00000
48.00000	52.00000
-94.00000	-89.00000
-31.00000	-35.00000
-41.00000	-42.00000
-4.00000	-2.00000
-12.00000	-14.00000
28.00000	27.00000
12.00000	11.00000
11.00000	16.00000
-16.00000	-20.00000
-41.00000	-45.00000
77.00000	74.00000
