epoch61     epoch124
62.90817	85.31390
26.57889	23.79506
34.54577	31.03229
49.37790	50.61807
25.60885	29.15455
18.62729	17.56196
38.60977	16.94848
0.32250	9.32084
-0.72097	6.67024
1.37778	0.67430
0.74438	-2.30416
-48.11822	-33.10740
7.54096	18.47238
14.60384	15.12779
-17.38263	-17.92216
-66.69239	-87.11218
-37.83464	-52.20183
13.37443	20.95788
-79.28623	-72.57103
-11.61980	-1.03041
15.05391	19.99325
8.34153	-3.66017
-30.24952	-30.79828
-49.53930	-55.88380
13.43541	-8.60947
-10.63254	-11.36618
-5.54312	0.75437
4.86980	26.27219
4.92459	-6.16645
-44.73324	-42.11082
13.05527	8.40486
18.48328	18.67158
-2.17825	-1.82556
20.02500	17.62591
8.19300	15.54312
-18.73932	6.57565
-13.92399	-2.55673
-44.47757	-39.62052
-79.84017	-119.13923
-19.81708	-10.24291
-55.93286	-66.14751
-12.05575	-15.67237
-15.33486	-10.58128
-27.15871	-27.81286
14.69235	9.68828
-33.54273	-41.50795
-19.38213	-34.06279
-1.55286	5.85041
27.51116	17.72776
66.30073	63.79656
19.98363	20.23986
-16.42679	-23.42223
21.09172	37.64175
-2.69102	-11.34043
8.96011	10.98512
-9.60756	0.56081
-9.65264	-5.15417
-17.50346	-21.90979
-13.44204	-3.84963
-17.40342	-10.88048
-9.78535	6.38346
15.26658	11.37296
-114.33755	-157.90717
-36.91717	-32.06672
-70.20458	-92.55585
-3.27817	-15.94628
10.04634	14.56473
-19.23456	-13.99150
2.62802	2.26832
14.71179	11.47310
10.48533	3.37573
-20.13892	-7.55663
-4.72029	-4.41180
-22.09350	-20.14396
-19.36754	-10.99533
-20.47202	2.40732
-12.58337	-2.71948
-11.70730	4.32779
-13.62262	-16.83832
5.31517	-9.37294
14.07480	22.59945
-15.86758	-18.17033
-8.21306	-11.34987
8.20492	-11.58975
-3.86098	-6.63501
-8.06679	-6.30018
-45.93432	-46.10021
-4.81193	-7.74141
-35.05578	-24.36774
4.39683	9.67280
-49.36919	-43.29888
-19.58749	-24.21138
-33.56562	-30.22113
-12.16928	-6.08228
-57.15134	-80.88002
-24.14931	-10.41473
28.57348	40.24997
23.66271	8.78437
57.70168	56.08038
15.91457	22.95387
31.07657	10.82999
27.20938	3.82658
28.86186	25.68725
12.07682	3.60294
6.12236	9.83184
4.94264	-5.18406
9.82647	12.42594
-1.17062	5.78828
17.51341	11.03276
14.55953	14.44254
-1.89885	6.89481
-78.88445	-90.62632
7.32707	12.15891
5.67810	3.72964
-2.48450	1.38695
4.12562	-1.69964
5.22172	12.36674
4.93320	8.53983
19.92787	27.83045
22.53090	26.38195
-14.33444	-20.08711
4.54213	7.83029
3.69390	0.99704
17.05523	13.85938
17.31336	20.77820
7.22459	10.84494
9.22875	15.49036
25.94553	21.82227
-0.94823	20.73066
-0.27778	1.60916
0.68111	7.99873
-13.88483	-2.28042
-23.03655	-23.87007
2.65837	12.38375
-8.27009	1.12858
6.63467	11.20553
28.50538	38.52996
9.16159	-2.43169
7.01082	-8.11295
17.43862	16.96009
0.75224	18.72768
5.55909	-5.36534
-4.31405	2.81919
-3.68817	-2.88827
28.44366	18.13472
-24.39506	-9.52489
34.72116	25.48134
94.38571	61.45314
38.71357	30.24827
-3.80076	-1.72629
28.37423	14.07212
-1.33006	9.75985
-38.35623	-30.59697
-24.04973	-14.64430
-10.48666	-20.34211
-87.17464	-100.84217
-23.65301	-12.83814
-13.19417	-14.86450
11.83570	11.94424
-37.16962	-30.42182
-34.18605	-35.92149
-9.61710	9.55213
-4.85044	-11.27497
-19.27160	-0.88782
2.56713	1.84953
8.34100	11.22593
-7.13470	-1.02439
-61.22757	-59.23680
-11.58569	-38.40394
-3.91967	6.87683
-17.68664	-22.95214
2.09090	8.09947
-9.61650	2.35000
9.26449	21.38214
-22.15417	-20.68619
27.20728	18.25671
45.74381	46.32415
-16.85036	-7.28100
-0.47818	-6.90605
-79.51303	-97.82059
-9.32918	-10.61648
-26.49708	-29.96520
-48.94564	-50.99745
-11.83481	1.11727
40.02801	43.60915
-7.74775	4.67458
-105.54913	-102.84046
-31.94561	-40.89838
27.78352	13.00235
-31.07779	-31.92709
-17.90956	-18.23983
-24.95567	-17.71913
-7.79666	-12.74642
5.82561	-13.53146
-16.19491	-14.72967
-24.40870	-9.67143
56.75896	68.34705
-53.99845	-65.93510
-25.62627	-27.22199
-24.95512	-32.05198
-23.08631	-20.12516
-36.88150	-30.20012
-10.33677	-15.95674
-48.89780	-41.90643
-13.94374	-19.62751
-14.01334	-25.66555
-8.18815	-19.05394
-51.60074	-69.34888
-32.52956	-52.54717
-28.80209	-31.02477
-11.43415	-20.90916
-31.55172	-43.62695
-53.43170	-57.98460
-23.00853	-34.61049
-6.99427	-21.44694
-87.56217	-84.81460
-38.53971	-43.42052
-48.46994	-50.38282
-34.14173	-35.84310
-29.34041	-17.33614
-46.52715	-48.22139
-20.50843	-25.21086
-22.87621	-34.35407
-16.04717	-14.66909
-2.86884	2.34545
-16.93736	-19.20745
-32.04167	-25.93406
-51.18660	-59.95255
-52.94280	-47.52828
-60.69844	-61.57023
-11.11671	-22.01666
-22.56749	-25.85542
-20.68897	-16.67488
-23.73046	-41.04136
-53.58393	-59.32550
-110.05866	-121.28734
-26.44967	-46.11894
-65.49127	-83.61435
-18.08568	-26.61482
-36.44151	-32.77211
26.47376	20.34977
22.71741	13.94788
28.39692	23.47824
10.14500	21.90890
14.84275	5.47224
45.74837	49.53463
11.64596	8.52086
7.85416	15.74856
18.06325	19.41585
6.92013	6.80320
10.91625	18.64423
13.13097	11.41754
8.88788	12.14850
9.32280	20.02773
28.73056	22.25638
28.12068	28.63506
23.73663	32.69695
18.73229	20.06894
8.41519	3.80221
9.29194	-1.24806
-29.08923	-28.29232
12.87657	9.12846
19.62093	17.87382
26.34496	39.01139
-1.48188	0.13853
18.65451	19.21550
26.08533	10.41835
26.10388	19.86978
30.51885	22.95105
-4.24108	-1.92391
12.38107	20.25246
-4.74140	17.67380
16.52251	13.06990
6.43397	12.02265
8.25689	10.94874
12.36251	18.02226
7.79973	10.37103
25.75133	16.93607
13.08359	20.21483
16.47076	18.76582
36.75696	39.22869
13.08004	16.35092
24.30859	11.99058
11.17564	18.07376
12.09620	12.96168
-12.61485	-9.47810
21.26698	37.48054
17.11592	12.07863
8.16477	-3.90556
2.25346	-13.39605
1.39817	1.98220
2.24229	5.90527
12.64593	-0.54108
-42.27601	-36.44720
57.95928	70.60676
-21.80423	-9.68732
-14.10477	-26.51712
-3.53148	-4.66910
-17.69099	-15.86792
-29.17013	-20.98659
-13.27923	-6.85958
-16.03260	-13.09103
-10.37324	-8.58424
-8.79588	-15.81376
-13.91238	-5.31431
-15.07237	-0.63780
2.84501	-2.09243
-46.28106	-42.09185
-52.85125	-51.66025
-20.26831	-20.10678
-24.72963	-14.39017
-9.49866	-15.15553
-15.06073	-30.45547
-84.59549	-102.00504
-47.79436	-44.77452
-14.84495	-12.19855
-11.70636	-13.49869
-4.47397	-13.36662
-28.73131	-25.74566
-29.12860	-24.73363
5.37344	25.87869
-33.35795	-26.80148
-9.35232	-7.78268
-60.66267	-66.22062
-27.36020	-49.47986
-27.88567	-22.64707
-60.09091	-66.05333
-10.43149	-14.02392
12.36515	34.88124
-23.62924	-18.46743
-25.56327	-28.29465
-33.67947	-31.09892
-14.96902	-24.41988
-18.58130	-13.87052
-38.75878	-52.62521
-15.93800	-11.91539
6.36609	6.87221
11.81675	11.78491
7.61434	2.48285
-1.54892	4.40231
-14.51896	-12.05007
0.68931	-1.11990
2.22447	4.48961
42.05340	32.67922
-25.45472	-40.69208
0.79510	6.69666
7.27823	12.28350
14.86628	14.17208
13.93190	12.69706
-7.25634	-8.85996
21.29661	20.33870
-25.23942	-23.16431
11.73881	20.21851
3.45969	-1.37278
-1.06977	-8.03165
-3.75224	-2.38645
5.60235	9.52045
-41.15635	-42.14716
-1.25971	2.35498
-5.43765	-8.64286
-20.87257	4.75024
0.49280	-0.34565
7.85548	3.71231
2.81525	-7.25868
7.59381	16.30696
-7.18617	-10.59031
-0.73825	-0.96453
-6.94304	-13.88398
23.47823	28.90802
27.90656	18.09733
5.55326	-2.38056
-20.21616	-31.99935
-14.84917	3.43337
-4.25806	-2.86593
9.76391	6.78994
5.93611	2.08490
33.64409	32.45215
-24.72260	-22.34237
12.04063	16.17279
16.27452	10.60653
11.77078	9.14318
-7.29311	-3.58417
-8.81238	-13.90271
-6.27755	-8.87385
-5.08585	2.71030
-7.89284	5.86475
-46.45056	-54.57564
-33.24170	-50.94471
9.26059	11.47892
-8.31121	-6.99270
-23.58220	-13.64163
-22.93246	-31.91677
68.92430	65.60923
-3.22818	-0.06754
3.85197	10.88778
-48.77642	-58.97297
-8.79248	-8.66458
-12.04044	-11.50393
-22.45273	-24.63902
-16.13723	-16.58116
0.14741	0.22520
-8.28297	-7.73245
-0.61592	5.24803
-1.71147	-1.74050
-26.14238	-24.04693
1.94096	5.12357
-39.28600	-43.48651
-15.05783	-11.02452
-6.75243	-8.69541
15.70921	18.77116
-4.51015	4.86216
-53.24802	-55.56307
-23.04725	-32.30612
-10.44983	-17.27023
-52.26266	-51.93010
-40.56284	-58.04899
-18.20874	-16.58179
6.57196	-0.35464
-7.52581	-3.98189
8.81351	13.16815
-22.16454	-9.53731
5.80452	18.94477
24.86839	24.25104
21.98046	28.55567
-9.62198	-7.15745
-4.43344	-5.77056
-24.48947	-20.73655
-11.82622	-17.76055
-9.85292	-8.39525
9.15032	17.49701
29.28273	31.55575
-4.31185	-17.09627
-13.23068	0.32329
-18.25532	0.28270
-27.85127	-17.34928
-43.81378	-38.65520
-30.72336	-31.55206
-28.38823	-21.90981
-7.88898	0.06052
4.78226	-1.04017
21.34119	4.75011
53.46152	48.53282
-3.54721	-4.35241
14.58245	14.82753
30.30704	29.80780
-20.23526	-5.91289
0.61965	-1.77099
18.82077	17.62612
22.97970	24.20784
-16.69956	-15.76719
-26.22913	-2.17266
-9.31368	-3.21956
7.83083	-3.28839
-3.50788	-0.48003
-17.77086	-13.90749
-8.88371	-11.97107
-26.01561	-3.72602
-2.82709	1.20442
7.44976	2.80484
-20.44095	-9.67567
8.23735	1.05995
-3.62115	3.73066
0.46836	-0.54182
-14.92219	-16.90502
-13.70838	-8.98905
5.82968	10.24355
-25.28351	-14.48820
-3.66344	9.73893
8.34396	5.66005
26.70591	16.28466
26.79048	21.91981
6.25889	2.39896
15.67453	12.90300
-23.69409	-12.89699
29.81615	9.51966
-2.76389	0.51805
15.87372	8.62777
-30.79442	-30.98778
-41.17974	-40.28747
-16.90904	-16.16341
-16.03836	-11.53121
-1.40903	-7.02514
6.49701	9.03229
-4.38188	0.07627
14.16883	15.49166
-2.40633	-5.41319
-17.18632	-22.73060
17.91138	5.14238
4.26628	7.67414
-1.19067	-1.11962
31.04365	44.26943
21.66992	13.42376
30.95272	32.64471
3.16022	-3.49259
-3.50072	8.94146
6.12218	6.53919
4.66865	2.56628
-12.44746	-8.55124
12.59569	4.97102
2.70889	3.72355
13.26419	13.99585
-4.58378	-8.47872
-0.03772	0.96020
0.38233	1.52082
-3.87487	0.16132
12.55275	13.37833
8.00210	-4.23483
-3.70542	-3.90420
-10.31655	-11.37052
-2.49616	-2.79528
6.48984	13.89500
-40.63383	-41.83623
-32.33523	-47.91824
-2.72700	-0.40941
-6.23644	-1.79390
-5.48954	2.24457
13.92661	12.49081
10.62785	1.23423
9.36774	17.26301
18.83879	10.81506
-47.18568	-74.03719
-1.21887	4.14978
14.14847	15.38071
5.81336	9.11550
9.50162	5.80945
-0.97948	3.09851
-6.34317	-0.24878
10.04457	-0.11691
-41.70506	-52.46457
3.91574	4.61505
11.71072	10.88608
-47.97245	-67.86507
-5.33412	-4.17220
22.79095	20.02424
-11.35919	-5.45774
24.06150	21.67545
-72.53581	-98.71173
11.65876	15.62431
21.97025	32.98351
50.93912	47.61872
28.70601	28.34605
9.44710	10.22405
-6.95175	-0.46860
3.91560	8.59957
-1.76931	5.64694
-16.83521	-14.50416
8.70706	6.57366
18.91204	17.42136
15.82945	25.34292
17.42254	7.99536
17.80410	17.65459
12.95648	10.82956
6.65058	9.61473
16.31938	25.84705
16.90406	13.13216
14.96237	15.90220
11.96096	29.62243
-2.47349	-0.16569
20.90083	11.67894
6.30565	8.28075
-43.01611	-67.62242
14.26459	21.04011
5.95438	7.80916
8.66259	9.23935
22.11998	27.55456
14.65388	26.67296
38.06646	30.46022
30.43702	35.39890
-9.64089	-8.16993
-0.60231	0.58957
19.80643	22.11611
26.47607	24.48417
5.52666	25.11891
20.57022	22.11109
-53.38415	-80.04855
8.25958	10.85171
8.26444	0.87083
6.59793	5.90977
10.56602	9.16442
12.62524	12.90338
4.80837	9.20411
9.12880	14.41698
7.55480	10.32167
18.06644	16.76682
-7.77304	-16.25209
6.28132	5.40801
25.60613	32.23759
22.01316	23.66011
59.91924	65.12449
10.12977	3.32766
-8.22499	-4.60905
19.39339	28.84674
-24.43656	-32.24322
3.99800	14.17424
14.41935	21.46884
13.15034	12.35392
2.05151	3.95043
10.32421	14.12839
27.52295	23.01983
11.09590	4.64718
8.80927	21.53264
11.62737	16.81102
11.42208	20.45156
7.88798	4.65055
2.90273	4.00219
-0.48111	2.18059
22.41881	15.76637
14.78058	7.44429
11.90144	15.83224
-0.87710	-0.97657
7.13744	8.44753
-11.07822	-18.90062
-71.43327	-107.32474
15.76078	14.57453
-13.55484	-15.42701
11.66785	5.38487
-29.35773	-27.64706
14.81039	14.58731
22.76372	22.60459
20.99712	9.01160
10.24529	15.72991
15.52293	21.08116
-20.14868	-26.86484
11.19380	9.24941
-1.89585	7.68262
10.46284	20.24252
23.35783	20.85698
17.88349	13.12146
32.93509	16.68815
13.61825	13.07331
2.49159	9.72105
-3.58471	-7.29347
-12.31872	-8.02862
-1.49437	-0.44053
4.65185	2.64827
13.10420	10.16464
14.81709	16.99364
66.24517	64.00730
-27.93339	-26.60296
-15.38444	-5.16742
-80.92849	-117.32844
14.10217	8.41624
27.38863	9.27426
-6.51144	0.57091
-4.81124	-3.29210
5.97320	11.86079
19.33015	25.47429
9.09269	15.48108
5.44548	12.57095
2.87748	13.22100
-2.65979	0.57921
8.93922	5.07498
-2.38653	3.58285
10.01198	11.91319
-4.06562	16.65667
17.20828	12.92328
14.89115	22.23004
14.94381	4.49944
8.30526	17.41936
3.21978	12.00584
-4.32578	1.49070
1.92686	11.00504
-7.54252	-5.64365
2.81951	3.87376
30.90599	34.24953
-13.20353	-4.60127
-6.81794	-10.26377
7.47594	1.90162
0.71987	15.57065
13.19192	11.98938
16.38094	15.02050
2.13094	8.57368
-3.40901	4.72575
-29.20993	-36.32380
6.98426	14.94522
27.64203	28.08625
-2.68153	4.09067
10.35542	18.89134
-7.77083	-9.00517
1.76589	11.07950
3.35472	7.11786
-9.53942	-7.23311
-22.76234	-23.35090
-10.17181	-3.92601
-3.38085	4.70761
-1.92438	-3.13867
84.78134	82.80450
-10.26627	-12.88419
-20.11904	-18.26619
-22.59371	-16.42712
-11.91149	-13.45650
-11.86400	-14.57777
-20.61900	-33.00992
-17.13411	-25.90786
-25.41014	-26.33636
3.04091	8.16447
-25.24690	-34.24933
-51.37868	-84.16083
-15.72283	-15.34628
19.31763	14.58399
16.50134	6.46344
-8.38092	-10.10254
-5.75503	-19.52178
19.28995	3.17284
18.34194	34.54893
-2.51940	-5.40230
0.98847	-5.69093
0.22670	5.50750
-4.71386	-13.57807
-9.07965	-5.93417
-24.10769	-19.28052
-47.98326	-47.34657
29.41811	29.68090
2.29734	-11.16856
9.96184	6.02739
-7.39063	5.51954
14.78433	14.46616
11.92465	12.22782
-10.01195	-15.75129
-16.92650	-21.45209
-11.76732	-2.72252
-0.72108	-15.79329
2.46714	-3.55542
-11.65533	-1.45243
-15.23946	-6.79862
15.14621	10.64746
-37.20587	-42.56644
-1.71140	4.18858
19.50881	11.26228
22.01736	-1.31665
-5.91223	-2.06181
1.52295	0.04071
16.42923	25.45469
-3.35339	-6.86413
12.90146	9.33780
68.45589	65.93012
-3.01639	8.28610
5.11556	7.31493
-50.31875	-64.47574
6.07831	-2.63274
2.78331	10.98140
2.75796	1.35543
-5.28530	-1.97153
1.11347	19.85490
5.40923	1.87090
2.69249	3.78993
0.39461	-2.87020
9.02138	9.66864
26.71061	24.01924
19.06879	15.58312
15.05011	21.44067
-5.64977	0.65960
4.78561	10.86770
-16.23307	-16.21607
3.25143	6.99369
6.82107	4.04820
-3.79207	20.25768
-11.67872	-11.88078
-12.74656	5.15870
-3.24927	-5.12270
-34.91378	-47.29606
23.85592	15.69240
27.82200	20.32200
-4.88829	-7.39548
10.77803	18.94774
19.71436	17.84169
4.40210	6.72734
4.26228	5.44775
3.37677	-9.74222
12.38943	9.66490
-37.65958	-51.13780
11.81902	5.52106
-8.33716	1.13438
1.11446	0.63331
-12.34421	-13.01582
12.02363	13.45229
18.60138	23.70891
21.87456	27.04250
-1.62354	-3.33449
13.78044	15.38191
25.62904	34.55205
-1.08492	-7.96415
18.19472	30.14150
29.45469	26.14367
71.19575	81.91128
-16.93008	0.79218
15.05346	10.99719
18.32424	10.29720
-1.89684	-0.92077
9.33792	12.05023
-13.31525	-7.16166
0.82740	0.30212
10.76285	15.74755
9.00246	6.56108
11.29175	8.62412
14.05246	16.53389
16.14127	15.73481
16.46957	14.59546
8.31667	23.36975
-35.88921	-37.99293
-25.15852	-37.65104
9.37385	3.85979
13.82139	5.11522
29.44020	31.69237
1.57061	8.74708
23.84465	20.19843
25.05109	26.35346
13.08765	8.22411
-40.72606	-59.34318
7.87721	11.21864
24.49163	30.78537
22.77466	21.71095
22.77443	26.72205
-2.55504	-4.69030
-22.61174	-14.23376
17.99155	13.66867
31.83785	16.22127
-4.74757	12.42370
-1.90411	11.29131
10.26928	21.50383
8.49622	14.64787
25.10025	24.68719
24.55377	11.53062
-1.97332	-3.51351
-16.34415	-5.24611
-12.83866	-7.90594
-22.06990	-5.12361
2.56883	3.56937
-4.12767	16.41690
14.97036	21.55595
14.55196	19.63753
-12.03206	-3.99961
-59.12107	-63.87305
133.58510	58.66717
-2.03059	22.72248
-4.77946	4.81525
-11.45587	-2.69336
2.10008	6.72732
8.84802	7.12871
23.60397	20.33276
-16.74737	4.67299
5.58697	9.72007
-30.99732	-14.93949
-0.30217	4.58406
0.38727	5.85362
-25.13975	-4.36266
-7.92544	-7.52538
14.15639	14.86015
29.80233	27.12814
7.84551	0.97815
42.92345	13.65757
11.63704	13.00328
26.96452	-0.71428
-16.77082	-20.17399
-5.48637	5.82018
-15.24107	-21.05201
16.15592	10.79539
-23.35952	14.92917
-5.41843	8.75126
11.34298	18.28442
-0.40529	11.55379
8.62410	19.09150
21.61799	20.12450
1.69472	5.44793
-63.72739	-52.67122
8.45848	-5.38468
-2.40563	6.19036
-29.15338	-38.29694
12.13822	10.75055
-17.76303	-24.61525
8.41150	29.31081
-9.48757	-9.15345
-67.20190	-77.35568
-8.34201	-21.37272
-16.70924	-14.55453
0.04240	5.57801
-0.60260	-6.41085
-1.15835	-3.45903
-40.21753	-49.06518
-30.26323	-35.38385
5.00639	0.02770
3.17398	-5.24065
62.22389	79.56795
-4.37225	-10.79657
-6.60766	-11.13156
0.39063	5.21172
17.71939	9.97046
3.18035	12.81742
12.19567	35.14658
-12.77065	-4.06001
4.43195	0.66330
-8.29287	-9.07586
3.04876	1.91692
-1.16844	-1.13903
-19.24223	-6.55484
2.62553	6.18493
28.85524	30.89031
5.54782	-6.84931
10.62849	0.79668
-8.27605	-6.11541
-6.44873	1.37854
-14.73993	-15.73852
6.58232	-15.57875
-8.49885	-7.36359
-2.97413	-3.55089
-3.98100	-4.43972
0.39081	-0.69415
-14.97995	-14.89148
-21.74093	-18.59247
17.36600	11.06325
-21.16048	-6.77375
-16.13218	-21.15666
-14.76261	-18.91887
-19.18422	-15.46677
-22.12946	-8.00461
-9.56860	-0.14464
-72.85632	-83.52421
-8.13305	-5.95887
-1.24414	-10.26945
-8.80121	2.73111
16.31858	15.90623
-9.33936	-6.86119
0.27328	5.12982
7.46779	1.32963
1.01492	-7.40702
-35.64336	-29.51117
19.37831	0.79389
25.47568	25.43378
40.12638	43.03459
-3.79219	-1.04492
-64.10289	-71.17081
74.63005	58.94526
-0.81919	2.56756
-10.22698	-17.21619
-0.55762	-8.19192
-49.65784	-50.14747
2.49257	-1.15797
-4.29546	-10.57478
14.71156	2.76400
-2.49893	-0.21566
-32.68948	-34.40760
-13.97898	-9.89070
-26.86239	-24.94581
-52.14391	-35.43392
21.70798	23.77900
25.70398	11.49302
1.90043	-6.15761
16.56452	24.37543
12.46267	8.71323
16.00277	15.79573
20.77925	25.06513
4.29685	10.57877
-33.83219	-42.30513
-33.22963	-35.85511
-4.63646	-6.81893
16.79068	11.96037
-6.37680	-11.73565
6.16909	4.96253
16.58525	14.80773
1.49531	-2.85904
2.65967	2.17203
1.72336	-1.05344
-2.33643	-4.86657
-22.15419	-18.20564
1.74923	5.31181
-8.96103	-11.81342
-14.01542	-10.28244
10.07510	3.98316
-3.88726	-7.07811
10.10563	11.98167
23.60592	12.34527
6.33834	4.71522
3.62265	5.98906
-0.88970	-0.51414
-11.19747	-17.62518
7.81058	6.97196
-9.53262	-3.38882
-3.62772	-4.87472
5.44885	-1.14309
-5.96039	-1.83731
35.74118	45.22440
-1.49611	-8.72669
10.59668	13.31253
-2.17645	-9.34900
-4.14563	-11.42017
5.97397	11.55780
11.33147	21.47828
-3.44174	-1.95471
6.88711	3.33888
18.09067	14.88850
2.05919	-1.47001
0.30685	-5.25131
-15.63315	-25.71654
-4.98871	2.08988
-8.06973	1.29604
8.35729	3.37972
0.34481	-6.19202
-0.29472	1.50640
-1.54560	-0.05095
10.40077	2.17722
20.79370	28.55820
0.39739	2.26639
15.25113	11.68733
0.63219	4.97853
9.15522	13.39044
3.67338	0.57390
-11.86816	-18.98092
7.08187	5.60412
6.31180	3.28812
-1.41844	0.09180
-1.66846	-2.91805
-4.05639	-0.28920
-5.93959	-8.92406
-18.84469	-20.61069
-2.30032	11.25479
-36.51691	-43.51125
11.39589	15.93766
-13.57973	-30.92140
-4.09311	-5.96768
-0.20478	-3.16845
17.05416	9.89413
-13.20103	-20.30811
14.98834	13.65778
-39.70361	-38.95597
25.86465	32.29199
-2.51303	-9.63918
0.42175	-0.55158
9.19412	17.13310
-8.53801	-4.66217
37.10146	88.30089
1.73610	-7.27477
3.33216	-18.83740
8.89352	-8.58956
-7.18121	-1.32877
11.09822	5.79190
1.42601	-10.56632
-1.36076	-7.39822
0.21747	13.35972
-0.19085	-10.55932
-15.02377	-19.33015
-35.19607	-49.84105
4.29791	13.42144
-3.82947	-0.41937
8.18843	4.02180
14.46794	20.49677
8.68506	1.34638
-9.10296	-3.84487
13.81862	9.29258
-2.76091	-0.47978
-6.80247	-9.61771
-20.79305	-17.99232
7.00288	4.41944
10.89450	13.66817
5.15521	9.53118
13.49694	10.39956
3.76732	-9.10843
-19.21555	-14.48690
27.01434	25.20522
21.50748	25.22883
-22.97900	-22.24324
5.69388	14.41462
28.48952	21.46502
1.01729	7.17432
14.70893	24.46552
6.44056	2.22992
15.56367	18.27218
14.95151	12.35679
9.55470	6.54207
18.36000	16.96783
28.62880	24.77300
-8.29378	3.78525
-36.75343	-32.27319
-101.48499	-133.88878
12.53347	16.27089
22.49919	18.79928
0.12967	5.03942
23.50871	17.54855
12.35549	8.10588
67.80027	63.86267
17.73592	23.94229
31.87447	22.52238
16.15779	12.69018
-0.16287	0.69376
2.49807	14.80169
6.93801	21.30240
13.87468	17.46413
18.01426	14.33697
10.79398	15.61036
32.24521	45.95815
-9.93718	-10.37610
15.12049	12.73480
17.98332	14.08375
-1.41825	5.27435
-1.31257	11.46291
-2.84353	-0.13539
13.40527	4.38641
29.30179	30.50351
8.83862	14.14917
2.29286	7.44514
2.15365	5.21957
11.35070	11.36958
24.70458	22.42794
24.97054	24.55351
8.39334	6.97070
-3.59966	7.47276
21.45043	25.81048
29.58178	21.78833
1.62474	6.31074
-2.18786	2.45719
36.61607	30.23714
23.68762	32.78529
-6.47233	1.24545
7.67577	10.90297
0.19079	8.83489
18.11268	15.28426
18.83643	21.42710
25.78447	29.26802
31.63912	28.88534
16.47223	11.31547
39.57747	43.56354
-7.03397	-0.28186
8.58802	22.10669
9.48243	25.42251
-4.23332	-2.86085
3.01355	0.68367
8.53581	6.58383
42.78005	26.64370
57.96054	63.38120
33.90425	27.86028
16.10469	20.55562
15.12299	12.76978
10.49486	-2.65786
16.02770	16.54130
18.32602	24.95274
17.76718	20.50415
20.43229	6.67204
27.11449	21.85801
-1.49541	-1.83216
12.38055	9.48586
17.67316	15.02055
4.34107	10.54884
23.59294	20.06544
16.12022	5.56668
23.94104	13.73675
30.48211	38.43029
25.79064	21.84421
18.78085	18.26967
12.20838	9.26274
-1.79988	8.08542
19.30388	19.91375
21.75080	26.46455
20.55594	20.82038
-1.57396	-0.64419
11.75770	21.14200
-33.99657	-30.50555
-12.95553	-15.70976
10.86269	14.87943
-1.79622	-4.28231
3.89141	-4.36702
9.86264	9.52750
4.95791	-13.82712
15.79487	13.31652
11.11719	13.46925
3.04284	10.28377
0.03316	7.85050
-7.27836	12.94055
-28.01057	-25.31706
8.12222	9.54401
0.78724	11.90852
-4.26303	9.94049
31.19013	11.17928
-3.66861	-10.67604
12.24832	5.02303
8.05518	-3.11682
23.91898	32.06506
24.65283	22.31074
68.29565	54.80312
13.67348	5.45795
-4.27577	-8.15649
-11.50728	-7.85686
9.78853	13.07383
13.87708	34.63789
13.05330	3.82505
-11.80150	2.52708
24.09113	35.43332
-9.41200	-12.91477
11.72613	7.09427
11.37920	10.26594
18.20741	27.91807
13.95922	11.52269
-35.17143	-36.58912
-14.82688	-22.31822
-27.26843	-21.50916
16.25001	7.28282
-1.91393	-4.96426
-4.24886	-0.85424
-4.65289	-9.30210
20.25434	22.45249
21.61960	28.86791
10.15169	2.36894
-4.21333	-3.94945
-7.84872	-12.99066
-6.27829	-8.63457
-30.81607	-30.44122
-15.56848	-21.67443
-27.07156	-28.45222
-14.34885	-20.69989
-22.65770	-24.40291
42.26194	24.39289
-0.08824	2.24535
13.32210	7.52201
13.20935	8.92383
-19.70151	-12.04858
-7.41443	-1.40449
-37.82619	-59.98179
0.81523	-4.56662
7.02936	6.76333
4.76209	-6.53756
-8.92550	-9.83997
4.28957	2.31202
5.55680	15.01341
-18.76929	-24.90762
4.69636	2.68272
5.03579	-4.53242
-9.76260	-9.15986
52.45128	48.01782
5.89728	-2.39243
-27.49412	-22.07216
-46.42096	-54.93405
-29.70861	-38.62189
-8.69044	-15.14230
-3.32669	-2.75470
10.78912	15.07057
-23.11154	-14.23284
-8.15023	-5.88410
23.88211	6.73098
-51.49330	8.71001
20.86937	14.69063
13.42776	7.42299
14.79630	19.95263
-35.74259	-40.37033
12.49584	0.69454
6.93612	1.47146
-27.30085	-20.93325
-53.05676	-70.67443
16.41986	24.18587
20.73545	26.75008
10.10693	8.68300
-8.61692	-8.82451
-2.72004	-7.19251
-26.95123	-23.28227
6.90621	-1.41497
1.62094	6.95979
-7.09595	-15.40522
-21.57866	-24.25644
3.54536	1.45174
17.95388	15.19255
10.54656	10.11478
8.70671	2.87936
0.43502	-3.05613
-11.32459	-9.84317
-8.13681	-5.49673
-7.50135	-6.41497
-2.91719	2.61133
-23.83520	-17.96429
-25.51135	-17.74167
5.58248	-6.04887
-8.59936	-7.17783
10.16129	13.34602
8.83736	-2.57021
-1.64863	0.29589
-3.68901	-3.58172
-7.56218	-10.84384
12.38682	8.50704
34.15956	26.90525
-1.23276	0.20772
5.19196	3.63372
12.63766	11.23579
-19.51215	-20.17937
-2.25103	-5.32348
-5.77750	-0.90263
20.96591	18.06292
-1.32953	-3.88456
7.83608	3.11021
5.01904	-0.82863
13.60693	13.13502
11.01744	12.96108
7.31235	11.54602
13.53302	18.22338
-6.36374	-8.67396
-18.95843	-13.31004
-8.75698	-6.10602
-4.20104	3.82364
-3.28724	-1.23560
-4.56193	3.62487
-25.04948	-21.28583
14.60847	21.70948
-2.72967	-2.35839
24.04836	26.24462
32.72532	39.86288
32.31771	41.38931
1.51859	14.27010
5.82632	-1.62274
8.73142	22.36509
-35.18225	-41.61180
8.22521	-2.39568
-9.14412	-7.26138
14.16685	24.29092
21.01618	19.32306
0.48296	-2.67357
21.18558	46.40893
19.06358	23.26402
12.92131	26.31728
-0.47917	2.18653
9.94159	15.36566
12.62868	5.88501
-2.67155	-4.65137
-12.07322	-6.44101
12.57039	15.70678
5.77221	5.10366
13.19171	8.06484
-3.95556	-14.99795
9.18267	14.25272
53.49314	52.93532
24.90296	27.82901
10.50757	0.05426
7.10958	13.12985
28.58366	20.98364
21.23335	26.81945
14.99969	16.40174
24.46346	4.70158
-9.20668	-9.87565
31.58906	14.66834
13.55577	14.28998
19.09300	4.66611
-12.93964	-8.50907
48.95738	55.65067
5.47454	7.08404
-4.58774	5.66055
4.87315	14.38721
27.70531	23.16855
17.68113	-2.41001
-28.16471	-37.96674
12.79745	16.35580
3.45554	3.54063
17.03786	22.25874
15.68160	19.46195
6.97069	17.72210
6.82026	4.81639
14.80558	13.20217
4.32620	-4.47346
29.42832	31.55313
16.40821	17.60480
10.82266	15.02591
-7.47286	-9.42863
17.88992	18.89429
24.64521	23.27336
-2.98758	-6.86257
15.18060	26.42414
30.83100	46.54753
47.10013	41.95776
14.07888	14.93208
19.34741	16.26413
-14.03911	-12.12735
11.33058	7.56803
-5.33513	-5.37058
-1.47237	-1.99026
11.39820	12.98889
-1.06329	16.36745
-13.28818	-30.05682
23.24782	5.08912
17.66266	17.37315
76.83347	55.30092
15.01980	23.02454
31.05460	25.91659
9.64052	12.30143
7.74392	12.36158
18.03274	18.51752
14.80023	8.51931
-2.62616	12.44438
24.14213	19.86227
-26.30427	-10.01706
-43.02807	-53.68390
-34.42530	-44.70019
7.63284	18.41575
23.88359	18.93852
22.54914	22.85979
17.66599	24.14553
21.84135	27.76506
-6.72874	-10.27707
6.60979	10.73833
-3.15527	-2.00247
-10.65557	-19.62535
-16.06536	-11.73619
-13.20756	-10.69705
18.12840	15.42681
-41.06791	-77.77482
-8.88274	-1.27302
15.17190	12.63510
-99.13855	-130.17644
-20.92299	-20.65925
14.66567	5.85350
7.97588	4.06491
-11.73557	-15.34334
0.29422	-7.11285
-10.89089	2.64401
-22.66380	-10.87889
28.10981	30.43845
24.92099	34.50787
-28.55629	-20.00520
23.49567	10.17346
-13.60717	-4.97675
-0.02254	-2.04206
-9.38761	-1.84389
14.70345	11.15885
18.52881	-1.20767
11.30490	21.91259
-50.80874	-70.75580
-32.00576	-24.32492
-3.85726	-3.62352
-1.06911	29.58916
121.29554	77.95921
21.99774	14.39644
22.77899	23.59355
-7.05180	12.86976
-34.00264	12.46594
10.85945	9.57109
-37.92572	-41.67384
27.20209	27.50521
-26.16986	-28.79382
-5.13604	13.13877
-86.90072	-116.77418
-48.87828	-79.81061
11.23665	22.84205
24.46119	15.36815
-20.60113	-9.49909
21.78996	20.77130
25.94300	24.52062
-38.65991	-34.40082
-35.98642	-25.38360
10.06653	9.88943
8.46000	13.43071
19.45486	13.36682
14.86970	17.77724
17.18297	14.03076
11.46979	6.47333
-1.16115	10.67785
3.32465	6.06374
-49.25414	-59.02663
26.81254	15.98037
9.46357	7.22197
23.30609	22.29065
32.31374	31.11032
3.76908	9.41931
23.67623	24.56821
18.74709	33.90907
33.14133	38.29044
8.54442	7.22070
12.24099	18.49157
5.61220	1.26789
8.48313	18.85606
-5.99680	-8.28620
8.37229	13.82450
12.58283	9.52043
8.03985	5.37999
11.78783	13.32539
-11.29914	4.46658
15.70428	13.52178
41.19229	26.32794
8.59092	23.36224
68.03289	51.28516
21.00600	14.56280
23.45797	20.09518
6.21430	19.84022
-5.09375	11.91098
19.49266	19.64594
25.24084	22.57721
-15.69651	-12.13690
-0.66061	-2.36843
-12.19825	0.79497
20.43990	23.13201
10.00340	9.14589
21.92564	21.43453
18.25343	6.75807
10.96238	26.72556
24.18093	20.37404
9.90820	-4.29315
7.04664	11.79185
11.95743	-0.99459
-1.47287	-7.59395
29.43977	14.50942
25.89003	16.96454
28.91308	20.30546
1.25081	10.71356
10.06595	12.95927
-0.82604	-6.23646
-27.13632	-22.63472
-30.51757	-23.28020
-97.16481	-112.74374
-24.78689	-30.62211
-13.33108	-20.92955
8.80038	3.46134
4.32978	24.81522
-50.64284	-34.25643
-78.78514	-97.57551
-9.29802	16.04784
23.26611	9.05688
-51.07790	-45.69140
14.09708	5.17455
-33.60067	-25.37836
9.63813	2.98328
-4.23449	0.00955
-10.28762	-24.20134
-63.35571	-65.78625
-31.46098	-12.98350
17.87366	5.42579
-15.53410	-3.37206
-1.61118	-12.58766
-19.76949	-4.12337
86.47937	73.77210
24.77386	15.18103
-17.26050	-28.57551
-2.57522	5.30860
2.28455	7.01023
-10.26585	-3.76986
-25.19287	-30.03395
-5.24854	9.30120
-42.85304	-30.69103
12.72979	25.72465
6.21769	17.08490
-28.00320	-23.90993
-3.67760	-12.57405
20.10451	21.21494
-43.45361	-40.19349
0.84232	8.52538
1.46233	2.17560
-33.65700	-44.82373
-24.91012	-49.66987
-16.57697	-15.97679
-16.64607	-26.25089
-6.94631	-12.17420
-31.03709	-36.02581
-19.07856	-9.71859
-4.26361	-10.46796
-28.41687	-37.64325
-55.34025	-78.21359
-47.07690	-73.63902
-53.97078	-81.11770
-36.09530	-54.34822
-16.46253	-28.88917
8.77576	-5.49062
-25.48483	-34.31201
-28.44526	-43.67460
-31.39311	-56.91674
9.43426	4.23232
-48.06314	-55.19365
-43.54221	-63.24390
-36.36849	-32.01858
-16.90655	-26.32440
-30.36421	-46.33132
-9.51888	-16.25420
-47.75241	-63.16077
-28.09996	-38.18140
-4.04019	-24.18768
-66.84952	-87.78980
-4.78550	-15.83720
-33.00666	-44.12073
-8.96996	-0.78977
57.21206	67.54318
-34.77204	-41.94798
-34.66713	-31.43306
-35.06806	-32.04615
-58.51815	-79.62787
-103.32538	-157.56054
-40.23865	-52.76899
-55.91346	-86.72773
-6.26254	-8.42405
-31.41053	-29.98411
-61.84699	-65.33335
-67.60985	-83.92921
-23.31252	-22.48129
-21.98557	-42.06647
7.18429	-6.26747
-37.59971	-53.37657
7.78824	6.43133
3.03300	-10.79473
0.43932	-8.90836
6.05281	4.64245
2.98647	-0.41781
-23.23790	-16.84321
-8.99478	-7.77266
7.76769	10.53277
0.90679	8.13410
2.34343	8.29671
-2.69952	-4.88936
11.92389	16.98748
6.41833	17.13373
-11.48880	-12.85005
-3.86761	-0.82790
16.73601	9.78311
-5.92451	-2.75443
-4.52238	-2.18671
8.80531	3.99874
5.25579	1.66002
5.75069	5.10252
-0.89074	2.81536
-5.29696	-3.48385
-10.34310	-3.65270
-29.02782	-28.01710
-1.77458	-0.89575
1.19448	1.24024
-0.52089	5.92187
-18.76041	-21.40930
-32.54526	-56.32643
-31.28370	-28.66389
-2.80693	-7.70509
18.08694	18.98296
53.69798	47.88493
1.45252	0.57152
2.45574	1.43823
-1.99485	2.90827
0.04681	5.06426
9.60852	18.72840
11.80590	13.48270
-4.59175	6.54102
-27.71437	-35.45996
0.34474	-1.34571
7.94481	1.88085
8.57460	5.59853
-0.58752	-2.07140
-17.22536	-32.98752
-29.33173	-25.51903
23.67862	12.86277
5.42845	15.07895
16.70508	13.14900
27.82763	27.09504
19.37350	11.14073
14.34638	3.68885
18.26801	26.30671
12.27259	12.97882
25.74930	26.95806
4.19076	3.48930
-1.27756	1.84571
1.98096	5.38342
12.00378	10.25306
10.69861	9.61784
11.54978	12.15802
21.83966	18.84663
11.56106	13.17803
11.82957	18.83528
10.54763	20.84677
20.17393	12.58001
12.00296	14.69275
0.28706	2.33690
11.31165	8.09124
2.18459	1.54687
22.71857	19.10945
15.17766	19.01358
5.28102	8.63523
8.91957	14.87602
12.56016	16.82997
11.34728	9.68480
12.70835	1.62322
14.81410	18.19898
30.85200	32.93142
17.77237	26.32242
42.52601	63.19666
22.77287	19.17760
11.49426	0.82303
2.41035	-1.75480
9.14553	4.39066
8.21942	14.03720
33.21642	40.10806
10.83649	10.64038
5.61440	8.12476
9.24610	13.99056
27.39823	20.02770
-10.98563	-9.59395
15.90826	34.16952
-2.48616	-6.52277
-2.82810	9.61586
-12.34145	-6.23924
-74.67809	-77.11431
11.18424	11.85596
-21.79259	-19.80669
-28.16164	-26.26351
-26.00017	-30.57105
-46.26545	-57.92797
21.26506	17.77923
-19.50032	-8.34702
-30.01380	-18.80039
-23.39955	-19.35559
-29.98965	-21.23373
-5.49827	-11.71637
-21.04749	-21.94490
15.92740	13.30383
22.98140	30.59479
-22.90451	-17.66120
-4.03795	-14.46784
17.29957	1.74506
-7.85769	-18.36782
4.83586	4.86427
-6.67268	-14.22323
-13.70365	2.03294
-13.62421	-1.72093
-0.57486	7.55834
2.25578	0.62249
-77.73176	-91.67005
-46.77231	-63.82153
-6.59007	-5.60938
-12.25868	-11.10761
-11.18256	-8.99103
-31.54690	-48.52842
-48.68561	-50.87194
-11.60086	-13.96165
67.50555	63.36633
-43.01315	-2.82261
24.03303	24.96294
-32.84554	-17.66071
16.66332	17.04179
15.99574	23.80841
-11.53226	-12.11781
-3.05264	-5.04873
9.47400	8.77622
-89.75867	-115.03357
2.23414	11.70520
40.45164	35.94905
-7.64419	-6.57749
30.15387	32.59291
-16.01512	17.71778
-5.37337	27.74403
-2.37329	-9.39433
-58.31536	-1.84711
50.07761	77.04899
13.99575	14.37738
47.20709	59.29779
9.19099	33.49021
57.20252	85.27204
80.46563	77.50853
47.03459	70.49238
-166.50574	-163.80326
-29.58103	-23.88297
47.75080	57.68990
99.18480	99.23061
126.81529	131.00023
34.04639	38.32887
-95.04158	-42.83627
59.12662	75.87917
-26.08467	8.80009
83.81137	54.86781
-245.01192	-205.22600
60.62414	63.80386
21.16519	35.71244
59.14882	62.92142
38.28548	69.51005
-23.40583	-1.68243
60.16541	67.17653
52.10393	66.86026
34.97068	64.36445
-61.15948	11.65021
-202.18150	-288.37207
28.57832	14.92378
-86.52839	-87.68378
5.75074	0.83153
127.20046	96.97535
40.70621	36.60732
88.86066	105.70510
43.73781	58.96273
-149.78656	-212.63470
-39.64445	-37.45895
42.02804	65.67370
46.18109	43.89814
21.49307	54.29688
13.50914	12.38863
-63.69265	-75.17471
39.26060	66.65716
-15.33923	-20.81710
-34.94064	-36.41904
-25.41354	-28.84352
-23.49085	-12.93548
-2.82322	-11.90346
-0.24610	3.41250
-17.02626	-29.88583
-56.34547	-50.28837
10.56388	31.89830
-10.27041	-8.02981
-27.81622	-18.20827
4.95110	3.15695
-93.84411	-123.45843
3.03430	9.89119
-6.82990	3.82899
3.42297	8.35415
25.38363	29.40300
-26.87387	-42.93218
-19.48429	-24.92072
14.20328	6.86396
3.26203	7.88117
-16.09457	-9.80275
-14.20992	-13.74353
-5.39577	-4.73505
-40.26182	-47.29572
14.52128	31.47503
-2.52420	0.69655
5.69559	-18.23119
-40.14844	-34.21458
-60.14618	-50.47521
-25.38000	-15.51200
-24.36928	-17.17740
-24.84070	-31.00968
10.52107	9.61921
-30.98920	-15.29619
22.69851	34.19872
19.77516	15.01005
74.26780	59.37914
41.01361	54.21016
11.69940	19.61964
-14.70198	0.95644
-13.21798	-12.01530
-10.68351	-6.11971
-21.38993	-17.90016
-38.38614	-30.60218
-64.00278	-62.56704
18.26767	32.09239
11.20488	-6.60873
-3.19978	14.38653
-12.26679	-0.85914
-29.51367	-24.63883
-14.74015	-6.43246
-41.80263	-43.43748
15.12343	22.10239
-10.42529	-10.84640
28.68844	12.23483
17.92635	36.81988
21.58420	17.42423
24.74534	15.19464
20.03519	26.21506
-24.81502	-39.84592
10.10209	-5.93725
-11.71856	-13.45988
8.73295	4.85442
38.99730	45.95214
-1.05175	-5.25882
-25.93097	-19.21050
8.77275	23.31261
19.55782	17.94076
17.81753	5.96054
21.61791	19.98668
-15.69447	-12.87628
-33.04725	-24.83456
6.21507	14.17057
10.64088	-2.30730
7.20666	11.39090
-38.60207	-34.18989
-20.99805	-27.82114
9.97158	7.96172
-34.33100	-26.02193
-29.11915	-44.40837
25.85988	26.14675
-0.75379	-5.12542
5.85596	3.67041
25.61024	20.80234
20.02382	20.48764
82.79363	87.29371
22.20084	26.36928
-27.86899	-40.76477
-51.67735	-62.47622
18.90683	15.78757
9.99044	23.99041
-12.52771	-10.45141
11.62302	13.70293
26.65371	43.56248
8.82997	8.48079
-22.25060	-20.79847
-1.65135	-10.67891
-13.29630	-9.81009
-4.56553	-4.74949
3.86343	-0.45950
-16.57673	-8.02549
-8.20469	-9.47584
-2.39982	6.40401
16.36214	27.15843
3.25200	10.29337
8.29666	8.98286
11.01317	13.63767
26.18468	21.61113
-6.79998	-1.84523
-32.93706	-40.02975
-11.84877	-4.55861
-2.27140	2.18914
-10.40867	-22.35777
-3.56880	-6.22750
-1.86134	2.28078
4.84417	1.05350
9.23987	11.73856
-2.90975	-2.65833
0.22645	-2.22410
0.91694	1.90524
12.90897	10.27417
1.58505	3.46094
-5.00507	-6.01005
-14.33675	-13.33107
-45.65418	-57.92335
-8.33674	-13.09677
1.10572	-8.94567
-34.07109	-40.69696
15.73788	11.14154
-2.29197	-2.96789
7.19061	10.09843
12.38287	0.56638
26.30616	17.92242
16.03352	21.16617
40.52557	45.08888
0.41994	3.28480
-6.34743	1.52574
-18.31061	-19.21001
-15.10800	-18.97610
-24.35914	-28.71963
-2.96663	-0.32508
18.42058	25.84633
6.52345	-7.52205
-12.96382	-9.35640
2.69915	12.28971
19.97957	25.87378
19.02200	25.06287
-35.68951	-36.69407
13.84687	20.42613
7.10344	9.47247
12.67836	18.38231
1.06847	1.48381
5.32767	10.16952
-19.18632	-20.07449
-7.44823	-8.45100
25.95157	20.66420
15.97842	15.15155
26.84965	25.40756
-10.69862	-6.82307
-37.91468	-56.86128
7.16543	1.96011
16.67931	5.10619
0.61030	1.66892
1.57640	2.05064
5.20538	11.20246
17.74733	18.60269
23.11403	15.95599
-6.20386	-0.37575
3.61026	6.38152
1.34158	-11.08733
14.40637	5.36382
0.00985	-4.21996
-27.11627	-42.75077
-36.36779	-37.01250
20.65756	12.08164
12.57789	19.88527
-13.77770	-5.39780
6.39502	5.87536
-6.07544	1.03075
-59.57681	-74.92956
5.05922	6.77187
-26.67147	-25.80777
-4.45749	6.96892
87.44918	85.39323
36.03789	15.45196
-1.84611	2.67566
-1.68167	10.25494
22.47506	13.90945
0.58408	9.97504
-1.71823	-3.27626
-13.81540	-8.83634
-16.96511	-6.80774
3.92450	5.52483
15.86180	2.67438
5.99497	14.51365
-13.30826	-12.59925
11.69750	5.31925
-52.09077	-48.23486
1.57850	2.26817
12.96815	13.67161
-15.43400	0.28768
0.00394	0.78209
-17.74709	-4.92062
-15.59837	-5.46209
2.27458	16.93271
21.97023	14.23393
0.54835	-0.25417
6.73829	20.03809
10.40924	16.50207
13.31926	26.73535
-11.47292	-2.82070
-3.33616	-1.12614
-19.12212	-15.99966
22.34357	28.70883
2.75532	3.57593
22.17681	15.25635
11.97904	11.91835
-15.89468	-7.54699
7.43238	3.47115
22.13192	9.37723
2.44296	6.10191
10.87671	6.26816
32.42759	17.13873
18.24226	28.75319
-41.97559	-47.96763
3.10365	1.95694
-37.75029	-34.39488
-23.37290	0.02673
-40.78917	-20.76537
-62.60883	-79.67376
-10.02496	5.65376
31.15356	35.67125
79.90303	74.48795
-2.61281	-9.74536
4.56676	4.05315
13.15724	10.22745
22.40025	18.45404
11.39266	12.78473
-9.66787	-3.04469
12.16753	14.03193
2.01772	7.41577
5.53256	3.86525
-46.89992	-49.44520
-27.88611	-28.41542
5.39913	-3.29044
11.89412	9.45623
18.39789	24.21262
-11.00135	-15.74003
19.13370	9.35444
19.17073	17.47230
20.79726	12.70032
47.47358	31.12328
-10.58322	-4.37621
23.46395	27.92452
35.59992	30.45303
31.54172	41.62933
14.66178	15.14083
11.12688	5.80242
0.00388	0.63300
18.29513	12.49743
1.66099	-8.74069
14.18275	15.96263
10.76981	7.41812
8.43558	8.08347
22.76228	19.99068
-4.71955	-17.68611
6.19922	9.83722
16.64559	17.88423
29.81150	24.57527
30.19447	23.20817
12.58257	11.59639
-32.70786	-35.95209
2.81642	11.07380
9.76408	5.99389
19.20450	16.01166
28.17179	23.34905
4.26521	10.58442
30.71295	35.58147
7.09653	10.60824
2.89358	11.60544
14.38227	17.59573
46.66188	55.02114
23.19045	19.08816
9.63571	-4.14377
11.81130	20.82297
13.60827	28.80610
13.65574	15.36950
-4.76999	1.51153
-2.02333	0.80560
4.73880	-1.21338
16.27379	18.08027
13.77274	16.45072
2.00863	12.25326
-12.52313	-12.35404
33.68547	27.67112
18.71416	5.92267
12.30680	14.43929
2.32494	-1.49265
16.01404	6.85883
28.51017	23.73920
-5.46071	-6.54588
14.28049	21.61589
4.66385	3.35485
30.53218	37.35253
-3.38518	-1.12632
4.09871	3.83231
29.49923	29.02451
4.09352	5.26838
7.84707	13.67966
5.47244	1.96587
11.15688	10.30416
8.94771	9.14973
-1.52932	4.26240
8.74835	9.06510
8.48227	22.84093
16.25798	22.82464
1.98053	10.57343
18.96567	14.19844
9.05264	6.05551
-18.36943	-16.26638
10.08582	14.00911
6.87496	15.12834
3.88805	4.01995
8.31806	-0.42516
18.04845	17.05711
32.44630	25.82514
-2.16664	4.24739
27.78690	32.11998
22.21085	18.46601
24.77489	25.80500
51.25177	59.51328
13.45644	16.43286
-6.34314	0.21603
26.44002	26.47975
23.56003	19.00376
4.42989	3.23736
2.87072	4.44222
9.97315	13.44062
8.40980	11.61845
21.73220	23.64936
5.74547	1.25879
12.42231	10.34157
12.37582	12.38762
10.82301	16.60082
-8.97405	-7.25065
-11.51303	-11.32990
5.62284	4.02614
-36.17470	-41.84496
-13.91582	-15.85924
9.01202	10.52645
13.17113	11.07166
27.71212	33.99527
5.32598	4.75087
4.16963	3.76167
9.20296	3.42140
9.07280	5.79480
-3.97697	1.27929
0.31405	1.66878
5.32121	5.43853
6.92950	6.41391
-3.07342	9.45474
20.08382	6.50581
25.09719	21.52328
23.62379	21.82767
17.54241	18.95002
-2.47546	-8.68349
6.68235	11.48649
18.13732	35.87592
1.57289	10.27171
18.81346	7.79190
-37.02530	-37.10840
22.87508	11.30241
17.01780	14.78547
8.10377	5.16707
-1.17883	-1.68914
31.26249	32.72263
25.56324	11.07419
8.08660	16.26944
19.07787	13.97141
46.80370	52.24766
1.58103	-3.15017
-16.02658	-19.29274
-8.22653	-4.14422
15.80441	6.82531
4.50050	6.95162
-14.22146	-17.20810
-6.25875	-8.23197
3.24544	-1.51749
-15.59003	-7.74950
11.42638	3.41987
12.15551	16.57183
17.31560	29.23970
-71.41403	-83.27841
5.79330	6.02289
-7.28155	-6.53554
-2.98076	0.09589
9.77201	3.83608
-22.35643	-27.01582
13.62389	11.61909
-19.88133	-23.82182
11.17007	4.60902
-1.54664	6.39888
-5.14848	-3.00392
28.65458	18.92436
-0.68233	6.12775
22.16103	16.52856
1.28497	-1.05513
18.39550	17.40174
15.95493	20.19325
12.73523	13.17630
5.83780	2.88800
-7.72187	7.21905
8.85285	16.12833
-2.03459	7.87917
-14.02199	-24.08816
21.16490	24.59260
11.21791	14.13058
3.00734	7.44312
7.78459	15.90849
17.28746	22.64417
-17.70830	-12.88991
-5.22977	-4.46133
13.32272	4.07787
7.93765	9.16870
13.09553	14.55605
0.06188	-11.78115
3.41539	2.94184
-42.10340	-46.68309
58.44411	59.86089
25.79583	31.86380
5.95963	3.07090
-25.73713	-41.99933
-47.19392	-56.51331
-14.86008	-16.79669
-24.07780	-37.35549
-11.57896	-14.08187
-34.32575	-47.22828
-5.71417	0.10575
-3.62097	-10.27912
10.04978	12.86884
9.07387	10.86241
25.14560	23.01897
5.30868	-14.83670
25.78031	23.96196
2.90324	-3.26274
-3.39284	-11.77821
-30.34709	-45.80023
23.95524	24.22288
-4.64634	-3.47558
24.44638	29.73515
-2.72396	3.23059
-23.51375	-34.10019
-8.86215	-9.39107
16.87042	10.75637
15.66199	13.83290
-8.73399	4.67832
31.49351	30.31467
-5.04379	1.60298
-22.26524	-34.56094
-22.04734	-31.85215
-16.19696	-22.87281
1.65719	5.81108
9.31527	10.55685
2.99361	10.62660
-30.17570	-50.23464
5.83900	2.88111
26.45127	29.94643
-21.29737	-13.08040
-5.98308	20.02358
11.27943	17.90247
13.66839	25.54399
-9.37400	-11.60783
-3.17241	12.09018
19.44569	19.85466
20.00945	19.76118
-22.12805	-40.67634
0.29158	3.89833
63.30344	73.66701
21.07025	24.03047
-9.99762	-12.92003
-23.48484	-28.73216
-25.92121	-19.72430
0.00022	-1.83482
-18.08251	-10.61982
-12.32856	-6.44658
-1.07384	-4.75137
-22.70727	-22.35844
6.85173	26.66752
-23.41429	-17.65450
-7.32497	-2.54805
10.30773	14.23086
-43.16990	-45.30240
-9.26325	-10.88657
7.32884	13.93721
11.49251	8.89500
8.25714	17.89001
-10.54931	-3.54257
-14.36901	-24.37859
-2.50500	-15.76931
19.20780	13.23326
-12.49988	-7.48180
-3.93310	3.18892
-11.66325	-7.69365
8.08045	-4.89764
11.91178	18.75421
-10.52406	0.89586
-1.89794	-3.58355
-16.90079	-9.49527
-12.16599	-8.61645
-3.20060	-2.38386
-22.07097	-19.48256
-11.27707	-7.68855
-11.57561	-21.77266
-19.71110	-23.06941
23.79948	4.94468
12.27392	1.45104
16.73836	14.95314
23.95732	23.82998
11.27765	-1.83451
-18.27406	-4.05018
-4.60580	-6.59442
-7.31125	-7.35128
10.95642	16.69070
-24.45059	-30.54163
-32.14751	-30.96964
24.27535	29.49323
54.62867	60.80893
63.00000	68.00000
-63.00000	-67.00000
-49.00000	-51.00000
-65.00000	-68.00000
-102.00000	-108.00000
-2.00000	3.00000
-79.00000	-75.00000
10.00000	10.00000
-17.00000	-20.00000
13.00000	11.00000
21.00000	25.00000
14.00000	8.00000
28.00000	35.00000
-16.00000	-12.00000
-40.00000	-45.00000
-15.00000	-11.00000
7.00000	5.00000
-44.00000	-33.00000
-50.00000	-51.00000
-3.00000	-7.00000
-1.00000	-1.00000
5.00000	6.00000
5.00000	4.00000
3.00000	4.00000
6.00000	6.00000
-7.00000	-10.00000
-4.00000	-4.00000
31.00000	30.00000
32.00000	27.00000
20.00000	23.00000
35.00000	27.00000
-31.00000	-31.00000
-60.00000	-78.00000
-8.00000	-8.00000
43.00000	44.00000
-2.00000	-6.00000
-8.00000	-2.00000
-19.00000	-2.00000
-17.00000	-16.00000
-10.00000	-10.00000
-18.00000	-22.00000
-8.00000	-9.00000
17.00000	22.00000
3.00000	3.00000
5.00000	3.00000
14.00000	10.00000
48.00000	52.00000
-4.00000	-1.00000
-83.00000	-86.00000
77.00000	66.00000
-36.00000	-35.00000
-69.00000	-71.00000
-121.00000	-125.00000
-3.00000	-3.00000
-100.00000	-103.00000
-8.00000	-8.00000
12.00000	17.00000
13.00000	7.00000
-11.00000	-11.00000
-27.00000	-20.00000
23.00000	26.00000
-56.00000	-56.00000
-40.00000	-43.00000
-26.00000	-24.00000
-9.00000	-8.00000
-28.00000	-26.00000
-88.00000	-89.00000
20.00000	31.00000
-2.00000	-3.00000
-45.00000	-44.00000
-35.00000	-33.00000
-22.00000	-15.00000
-44.00000	-47.00000
-9.00000	-11.00000
33.00000	33.00000
26.00000	30.00000
17.00000	21.00000
50.00000	45.00000
23.00000	32.00000
-68.00000	-73.00000
-31.00000	-44.00000
-6.00000	-9.00000
8.00000	14.00000
54.00000	49.00000
-30.00000	-14.00000
-4.00000	0.00000
25.00000	20.00000
-6.00000	-7.00000
-15.00000	-19.00000
-27.00000	-32.00000
23.00000	26.00000
27.00000	26.00000
-3.00000	5.00000
16.00000	17.00000
41.00000	41.00000
21.00000	17.00000
-27.00000	-28.00000
-34.00000	-34.00000
66.00000	64.00000
-25.00000	-25.00000
-65.00000	-74.00000
-21.00000	-22.00000
-41.00000	-33.00000
-2.00000	-2.00000
-12.00000	-13.00000
17.00000	23.00000
-2.00000	-2.00000
35.00000	33.00000
46.00000	46.00000
-39.00000	-40.00000
-21.00000	-29.00000
-4.00000	1.00000
24.00000	25.00000
-14.00000	-9.00000
-16.00000	-13.00000
17.00000	18.00000
-1.00000	-1.00000
13.00000	17.00000
6.00000	15.00000
21.00000	24.00000
-15.00000	-19.00000
28.00000	35.00000
-1.00000	-1.00000
44.00000	36.00000
30.00000	31.00000
62.00000	70.00000
45.00000	37.00000
-39.00000	-35.00000
-35.00000	-49.00000
33.00000	38.00000
37.00000	42.00000
14.00000	12.00000
42.00000	50.00000
10.00000	19.00000
49.00000	48.00000
-4.00000	-4.00000
-20.00000	-23.00000
-10.00000	-11.00000
35.00000	32.00000
52.00000	50.00000
27.00000	23.00000
-8.00000	-9.00000
47.00000	52.00000
15.00000	22.00000
-61.00000	-59.00000
-58.00000	-62.00000
-29.00000	-22.00000
65.00000	66.00000
-56.00000	-58.00000
-6.00000	-4.00000
-98.00000	-101.00000
-12.00000	-12.00000
-9.00000	-19.00000
-11.00000	-12.00000
-6.00000	-7.00000
-8.00000	3.00000
22.00000	17.00000
-4.00000	-5.00000
-60.00000	-64.00000
5.00000	4.00000
-6.00000	-1.00000
-27.00000	-29.00000
0.00000	-4.00000
40.00000	42.00000
-1.00000	-2.00000
-21.00000	-21.00000
8.00000	5.00000
7.00000	10.00000
4.00000	3.00000
-26.00000	-27.00000
-9.00000	-11.00000
25.00000	17.00000
-10.00000	-5.00000
50.00000	55.00000
9.00000	10.00000
-47.00000	-47.00000
-116.00000	-126.00000
-18.00000	-24.00000
38.00000	41.00000
-26.00000	-6.00000
-17.00000	-10.00000
-4.00000	9.00000
24.00000	28.00000
10.00000	16.00000
-28.00000	-31.00000
-15.00000	-19.00000
22.00000	17.00000
-2.00000	-4.00000
-8.00000	-6.00000
3.00000	8.00000
16.00000	26.00000
6.00000	6.00000
-102.00000	-104.00000
-70.00000	-66.00000
-40.00000	-42.00000
-82.00000	-89.00000
98.00000	93.00000
-34.00000	-32.00000
-94.00000	-91.00000
-25.00000	-28.00000
-11.00000	-18.00000
-9.00000	-14.00000
2.00000	-2.00000
-38.00000	-41.00000
0.00000	1.00000
-31.00000	-32.00000
-67.00000	-68.00000
-23.00000	-35.00000
-16.00000	-19.00000
-8.00000	-11.00000
-5.00000	7.00000
-45.00000	-61.00000
-13.00000	-25.00000
-33.00000	-38.00000
-49.00000	-62.00000
-29.00000	-30.00000
-14.00000	-21.00000
-15.00000	-29.00000
-8.00000	-15.00000
-69.00000	-74.00000
-54.00000	-60.00000
-66.00000	-76.00000
2.00000	-6.00000
-82.00000	-82.00000
-39.00000	-50.00000
4.00000	5.00000
-58.00000	-60.00000
-36.00000	-47.00000
20.00000	28.00000
-19.00000	-17.00000
-5.00000	-4.00000
-19.00000	-23.00000
-31.00000	-41.00000
-39.00000	-57.00000
-34.00000	-40.00000
-55.00000	-62.00000
-23.00000	-24.00000
-36.00000	-50.00000
-6.00000	-6.00000
-23.00000	-30.00000
-2.00000	5.00000
6.00000	8.00000
7.00000	4.00000
-10.00000	-15.00000
-5.00000	-3.00000
68.00000	55.00000
-4.00000	3.00000
0.00000	0.00000
22.00000	24.00000
30.00000	37.00000
-2.00000	-2.00000
36.00000	39.00000
55.00000	56.00000
28.00000	27.00000
-10.00000	-7.00000
-9.00000	-12.00000
30.00000	35.00000
1.00000	8.00000
-18.00000	-21.00000
31.00000	24.00000
0.00000	0.00000
28.00000	27.00000
19.00000	16.00000
14.00000	23.00000
-12.00000	-13.00000
26.00000	38.00000
43.00000	52.00000
51.00000	40.00000
47.00000	48.00000
0.00000	4.00000
52.00000	51.00000
-7.00000	-6.00000
-34.00000	-46.00000
0.00000	0.00000
42.00000	42.00000
-17.00000	-9.00000
28.00000	41.00000
17.00000	19.00000
34.00000	40.00000
-3.00000	-3.00000
-15.00000	-15.00000
-12.00000	-14.00000
45.00000	41.00000
55.00000	63.00000
37.00000	37.00000
25.00000	23.00000
-8.00000	-9.00000
23.00000	28.00000
-62.00000	-60.00000
-68.00000	-61.00000
-25.00000	-27.00000
-4.00000	-8.00000
-118.00000	-122.00000
-6.00000	-2.00000
69.00000	101.00000
-19.00000	-22.00000
-31.00000	-39.00000
-19.00000	-15.00000
-26.00000	-28.00000
-10.00000	-12.00000
0.00000	-4.00000
-27.00000	-24.00000
-2.00000	-10.00000
9.00000	1.00000
-15.00000	-14.00000
2.00000	2.00000
-61.00000	-65.00000
17.00000	21.00000
3.00000	8.00000
-32.00000	-35.00000
-24.00000	-24.00000
-4.00000	3.00000
-32.00000	-32.00000
-30.00000	-38.00000
-14.00000	-19.00000
6.00000	5.00000
14.00000	12.00000
-33.00000	-32.00000
-16.00000	-10.00000
-28.00000	-21.00000
-54.00000	-63.00000
-16.00000	-21.00000
-16.00000	-12.00000
-47.00000	-50.00000
24.00000	32.00000
-8.00000	-9.00000
-27.00000	-34.00000
-22.00000	-29.00000
-39.00000	-48.00000
0.00000	4.00000
-13.00000	-16.00000
15.00000	23.00000
-18.00000	-13.00000
-38.00000	-31.00000
-46.00000	-54.00000
14.00000	21.00000
-10.00000	-16.00000
-4.00000	-1.00000
24.00000	26.00000
-27.00000	-18.00000
-6.00000	-4.00000
11.00000	13.00000
27.00000	33.00000
81.00000	86.00000
-17.00000	-25.00000
-38.00000	-42.00000
-9.00000	-11.00000
-31.00000	-34.00000
-9.00000	-10.00000
6.00000	12.00000
24.00000	23.00000
16.00000	19.00000
20.00000	21.00000
13.00000	21.00000
-21.00000	-18.00000
-3.00000	-3.00000
0.00000	-4.00000
-3.00000	-4.00000
16.00000	19.00000
13.00000	18.00000
30.00000	27.00000
-10.00000	-13.00000
-10.00000	-14.00000
23.00000	18.00000
-1.00000	7.00000
-8.00000	-14.00000
-4.00000	-3.00000
-5.00000	-2.00000
15.00000	6.00000
-18.00000	-21.00000
31.00000	31.00000
-33.00000	-39.00000
-4.00000	15.00000
-34.00000	-30.00000
3.00000	-2.00000
19.00000	24.00000
28.00000	34.00000
23.00000	23.00000
-4.00000	-8.00000
11.00000	15.00000
-14.00000	-9.00000
24.00000	16.00000
-7.00000	-9.00000
16.00000	20.00000
0.00000	-4.00000
-13.00000	-18.00000
-5.00000	5.00000
-38.00000	-42.00000
-89.00000	-98.00000
0.00000	0.00000
5.00000	12.00000
0.00000	0.00000
77.00000	88.00000
-19.00000	-13.00000
-11.00000	-12.00000
14.00000	14.00000
-10.00000	-14.00000
11.00000	3.00000
5.00000	-4.00000
-36.00000	-36.00000
-4.00000	1.00000
14.00000	5.00000
25.00000	31.00000
-56.00000	-51.00000
0.00000	0.00000
-8.00000	-13.00000
4.00000	7.00000
4.00000	-1.00000
1.00000	4.00000
-40.00000	-42.00000
-14.00000	-16.00000
19.00000	20.00000
-16.00000	-13.00000
-19.00000	-24.00000
-8.00000	-11.00000
-16.00000	-17.00000
2.00000	-8.00000
-4.00000	-7.00000
-31.00000	-25.00000
-92.00000	-97.00000
-1.00000	22.00000
-36.00000	-36.00000
-4.00000	2.00000
-32.00000	-36.00000
12.00000	15.00000
-2.00000	8.00000
20.00000	24.00000
20.00000	24.00000
-29.00000	-29.00000
-4.00000	-4.00000
-24.00000	-31.00000
-19.00000	-16.00000
-24.00000	-24.00000
31.00000	32.00000
31.00000	37.00000
15.00000	23.00000
-35.00000	-38.00000
28.00000	41.00000
-20.00000	-20.00000
64.00000	75.00000
71.00000	90.00000
57.00000	86.00000
49.00000	61.00000
21.00000	42.00000
-12.00000	-12.00000
22.00000	37.00000
28.00000	34.00000
26.00000	54.00000
13.00000	21.00000
13.00000	30.00000
11.00000	17.00000
11.00000	16.00000
28.00000	36.00000
26.00000	34.00000
23.00000	31.00000
28.00000	36.00000
23.00000	32.00000
20.00000	24.00000
99.00000	109.00000
44.00000	43.00000
27.00000	38.00000
-18.00000	-18.00000
30.00000	48.00000
21.00000	24.00000
-7.00000	-9.00000
87.00000	99.00000
47.00000	50.00000
17.00000	29.00000
21.00000	37.00000
41.00000	50.00000
-6.00000	3.00000
90.00000	104.00000
-3.00000	-3.00000
-4.00000	-4.00000
-6.00000	2.00000
38.00000	53.00000
47.00000	46.00000
38.00000	41.00000
-11.00000	-13.00000
-7.00000	6.00000
-1.00000	-2.00000
-26.00000	-22.00000
29.00000	26.00000
1.00000	10.00000
9.00000	6.00000
16.00000	25.00000
30.00000	20.00000
-7.00000	-8.00000
-32.00000	-34.00000
-15.00000	-13.00000
86.00000	76.00000
-40.00000	-44.00000
-14.00000	-19.00000
-1.00000	3.00000
12.00000	11.00000
25.00000	24.00000
21.00000	22.00000
10.00000	16.00000
36.00000	37.00000
6.00000	1.00000
-13.00000	-13.00000
11.00000	11.00000
16.00000	11.00000
17.00000	21.00000
11.00000	11.00000
-20.00000	-23.00000
-20.00000	-22.00000
16.00000	16.00000
9.00000	10.00000
-13.00000	-17.00000
-3.00000	3.00000
0.00000	12.00000
-37.00000	-57.00000
-18.00000	-19.00000
45.00000	38.00000
-23.00000	-21.00000
22.00000	25.00000
-35.00000	-24.00000
-17.00000	-20.00000
-29.00000	-31.00000
24.00000	17.00000
26.00000	33.00000
12.00000	7.00000
23.00000	18.00000
24.00000	29.00000
-8.00000	-5.00000
18.00000	14.00000
26.00000	23.00000
-10.00000	-3.00000
29.00000	35.00000
39.00000	41.00000
-40.00000	-40.00000
-1.00000	-8.00000
54.00000	62.00000
-42.00000	-45.00000
-2.00000	-2.00000
-5.00000	-6.00000
16.00000	20.00000
-15.00000	-15.00000
73.00000	70.00000
-1.00000	-1.00000
51.00000	52.00000
16.00000	20.00000
31.00000	27.00000
39.00000	44.00000
47.00000	47.00000
46.00000	43.00000
-3.00000	-2.00000
-3.00000	-4.00000
9.00000	9.00000
29.00000	35.00000
56.00000	54.00000
43.00000	49.00000
-11.00000	-11.00000
-2.00000	-2.00000
8.00000	8.00000
13.00000	15.00000
-1.00000	-1.00000
-5.00000	-8.00000
35.00000	33.00000
-21.00000	-38.00000
-2.00000	-2.00000
-12.00000	-13.00000
13.00000	15.00000
-6.00000	6.00000
5.00000	7.00000
-26.00000	-28.00000
-5.00000	-5.00000
10.00000	17.00000
-40.00000	-43.00000
18.00000	17.00000
25.00000	27.00000
12.00000	15.00000
-32.00000	-33.00000
0.00000	-1.00000
-29.00000	-32.00000
13.00000	17.00000
10.00000	13.00000
38.00000	36.00000
19.00000	20.00000
-9.00000	-17.00000
42.00000	49.00000
5.00000	1.00000
0.00000	0.00000
-4.00000	-7.00000
-13.00000	-17.00000
-2.00000	-2.00000
-9.00000	-10.00000
77.00000	73.00000
29.00000	33.00000
30.00000	29.00000
40.00000	46.00000
-4.00000	-4.00000
26.00000	28.00000
11.00000	15.00000
-11.00000	-17.00000
-1.00000	-1.00000
9.00000	2.00000
43.00000	40.00000
51.00000	45.00000
32.00000	27.00000
-1.00000	-3.00000
-1.00000	-1.00000
3.00000	6.00000
-2.00000	-2.00000
35.00000	39.00000
12.00000	15.00000
15.00000	17.00000
-21.00000	-32.00000
0.00000	-1.00000
-6.00000	-2.00000
-11.00000	-17.00000
-36.00000	-37.00000
-31.00000	-33.00000
-3.00000	-3.00000
-1.00000	-1.00000
35.00000	37.00000
5.00000	14.00000
-13.00000	-16.00000
-2.00000	-2.00000
-6.00000	-8.00000
-35.00000	-36.00000
-2.00000	-2.00000
-17.00000	-19.00000
-24.00000	-23.00000
-56.00000	-56.00000
-15.00000	-18.00000
-40.00000	-44.00000
-74.00000	-77.00000
12.00000	12.00000
-53.00000	-59.00000
0.00000	0.00000
25.00000	31.00000
23.00000	35.00000
-1.00000	-1.00000
23.00000	31.00000
46.00000	46.00000
50.00000	80.00000
-13.00000	-12.00000
-24.00000	-26.00000
26.00000	32.00000
-14.00000	-6.00000
-55.00000	-55.00000
10.00000	16.00000
44.00000	46.00000
19.00000	20.00000
-30.00000	-30.00000
5.00000	9.00000
-18.00000	-19.00000
32.00000	38.00000
-2.00000	-2.00000
54.00000	49.00000
37.00000	37.00000
40.00000	39.00000
56.00000	48.00000
-52.00000	-55.00000
-30.00000	-41.00000
-2.00000	-2.00000
59.00000	57.00000
9.00000	10.00000
-21.00000	-3.00000
12.00000	30.00000
-2.00000	5.00000
-3.00000	-3.00000
-5.00000	-5.00000
-14.00000	-14.00000
50.00000	31.00000
43.00000	48.00000
14.00000	15.00000
25.00000	28.00000
58.00000	60.00000
19.00000	15.00000
13.00000	8.00000
-9.00000	0.00000
7.00000	10.00000
-38.00000	-32.00000
-37.00000	-34.00000
20.00000	19.00000
-6.00000	-2.00000
-1.00000	-2.00000
-9.00000	-10.00000
13.00000	11.00000
-4.00000	-4.00000
22.00000	23.00000
13.00000	20.00000
30.00000	29.00000
73.00000	65.00000
-26.00000	-31.00000
-1.00000	-4.00000
-7.00000	0.00000
9.00000	14.00000
15.00000	17.00000
-2.00000	-2.00000
21.00000	19.00000
24.00000	27.00000
28.00000	27.00000
18.00000	22.00000
-10.00000	-11.00000
-4.00000	-6.00000
-19.00000	-20.00000
3.00000	6.00000
-20.00000	-23.00000
15.00000	24.00000
-51.00000	-46.00000
-81.00000	-95.00000
-4.00000	-5.00000
38.00000	39.00000
-12.00000	-7.00000
34.00000	40.00000
-22.00000	-15.00000
-5.00000	-3.00000
-8.00000	-8.00000
-26.00000	-31.00000
8.00000	18.00000
21.00000	10.00000
9.00000	10.00000
-12.00000	-5.00000
6.00000	14.00000
32.00000	39.00000
39.00000	43.00000
-16.00000	-7.00000
-18.00000	-9.00000
7.00000	15.00000
-28.00000	-27.00000
-29.00000	-29.00000
23.00000	25.00000
-20.00000	-18.00000
-2.00000	-2.00000
-1.00000	-1.00000
25.00000	27.00000
37.00000	39.00000
31.00000	34.00000
-13.00000	-15.00000
32.00000	31.00000
28.00000	33.00000
74.00000	66.00000
40.00000	35.00000
-1.00000	4.00000
5.00000	13.00000
8.00000	8.00000
0.00000	0.00000
8.00000	12.00000
14.00000	16.00000
8.00000	11.00000
20.00000	24.00000
20.00000	23.00000
0.00000	0.00000
26.00000	36.00000
-7.00000	-8.00000
-59.00000	-60.00000
-38.00000	-34.00000
-16.00000	-11.00000
-20.00000	-35.00000
-2.00000	-2.00000
30.00000	29.00000
-8.00000	-3.00000
22.00000	35.00000
7.00000	8.00000
-4.00000	2.00000
53.00000	52.00000
-10.00000	-14.00000
-9.00000	2.00000
21.00000	24.00000
10.00000	16.00000
16.00000	15.00000
19.00000	20.00000
-5.00000	-8.00000
4.00000	5.00000
-3.00000	8.00000
-9.00000	-8.00000
26.00000	30.00000
-2.00000	-11.00000
-7.00000	-10.00000
9.00000	11.00000
10.00000	18.00000
-6.00000	-7.00000
10.00000	25.00000
-23.00000	-24.00000
-7.00000	-8.00000
36.00000	27.00000
-3.00000	-4.00000
20.00000	29.00000
5.00000	5.00000
38.00000	33.00000
76.00000	77.00000
4.00000	3.00000
-16.00000	-19.00000
20.00000	23.00000
22.00000	31.00000
-1.00000	2.00000
6.00000	10.00000
19.00000	22.00000
19.00000	21.00000
-13.00000	-14.00000
-16.00000	-17.00000
24.00000	26.00000
34.00000	33.00000
19.00000	25.00000
34.00000	32.00000
-11.00000	-8.00000
-24.00000	-44.00000
20.00000	31.00000
36.00000	29.00000
10.00000	10.00000
-49.00000	-49.00000
2.00000	7.00000
38.00000	43.00000
-13.00000	-14.00000
-8.00000	-8.00000
-16.00000	-20.00000
-7.00000	-5.00000
37.00000	39.00000
39.00000	37.00000
21.00000	22.00000
0.00000	-2.00000
12.00000	13.00000
-10.00000	-11.00000
-31.00000	-24.00000
9.00000	15.00000
-4.00000	-6.00000
-7.00000	-15.00000
28.00000	30.00000
-17.00000	1.00000
30.00000	39.00000
11.00000	21.00000
25.00000	24.00000
-5.00000	-5.00000
32.00000	31.00000
41.00000	45.00000
9.00000	15.00000
28.00000	27.00000
15.00000	24.00000
22.00000	27.00000
9.00000	71.00000
1.00000	10.00000
27.00000	28.00000
-1.00000	-1.00000
6.00000	9.00000
24.00000	25.00000
35.00000	39.00000
19.00000	14.00000
26.00000	26.00000
-8.00000	-8.00000
29.00000	30.00000
29.00000	28.00000
7.00000	14.00000
36.00000	33.00000
-22.00000	-19.00000
-31.00000	-39.00000
-6.00000	-6.00000
13.00000	15.00000
-23.00000	-16.00000
32.00000	62.00000
11.00000	7.00000
36.00000	45.00000
-13.00000	-14.00000
-18.00000	-19.00000
-35.00000	-35.00000
29.00000	30.00000
30.00000	42.00000
20.00000	25.00000
18.00000	19.00000
13.00000	21.00000
43.00000	35.00000
-1.00000	5.00000
-52.00000	-56.00000
-4.00000	-11.00000
26.00000	14.00000
-55.00000	-62.00000
6.00000	4.00000
-5.00000	-6.00000
-9.00000	-11.00000
-6.00000	5.00000
18.00000	8.00000
-14.00000	-14.00000
0.00000	-5.00000
26.00000	21.00000
-33.00000	-33.00000
-8.00000	0.00000
-7.00000	-10.00000
8.00000	5.00000
-15.00000	-14.00000
73.00000	74.00000
-4.00000	-6.00000
-10.00000	-10.00000
-18.00000	-18.00000
-19.00000	-19.00000
4.00000	3.00000
-58.00000	-57.00000
9.00000	9.00000
-3.00000	-4.00000
5.00000	12.00000
22.00000	18.00000
-25.00000	-30.00000
18.00000	22.00000
-1.00000	11.00000
-31.00000	-37.00000
-5.00000	-6.00000
9.00000	4.00000
13.00000	19.00000
39.00000	57.00000
4.00000	9.00000
12.00000	8.00000
-9.00000	-11.00000
-24.00000	-29.00000
-56.00000	-57.00000
-5.00000	-7.00000
0.00000	10.00000
8.00000	6.00000
-32.00000	-34.00000
-29.00000	-27.00000
-6.00000	-8.00000
-10.00000	-22.00000
-3.00000	1.00000
18.00000	29.00000
29.00000	33.00000
11.00000	13.00000
18.00000	22.00000
15.00000	12.00000
-12.00000	-12.00000
-11.00000	-11.00000
20.00000	23.00000
-23.00000	-23.00000
11.00000	17.00000
-5.00000	-5.00000
14.00000	21.00000
17.00000	12.00000
37.00000	39.00000
17.00000	20.00000
34.00000	32.00000
-4.00000	5.00000
87.00000	87.00000
-6.00000	-6.00000
-37.00000	-33.00000
37.00000	48.00000
22.00000	34.00000
34.00000	26.00000
-22.00000	-23.00000
-17.00000	-17.00000
15.00000	22.00000
23.00000	25.00000
-12.00000	-15.00000
-9.00000	1.00000
-7.00000	-2.00000
-87.00000	-99.00000
-8.00000	-8.00000
31.00000	37.00000
-20.00000	-11.00000
-4.00000	5.00000
-22.00000	-16.00000
-68.00000	-70.00000
-11.00000	-11.00000
38.00000	42.00000
39.00000	49.00000
7.00000	22.00000
-1.00000	2.00000
-24.00000	-17.00000
33.00000	41.00000
-10.00000	-13.00000
-69.00000	-70.00000
17.00000	26.00000
-22.00000	-25.00000
26.00000	31.00000
-19.00000	-18.00000
-11.00000	-22.00000
9.00000	7.00000
17.00000	8.00000
-2.00000	-3.00000
-29.00000	-33.00000
-21.00000	-21.00000
-3.00000	-4.00000
-34.00000	-41.00000
-3.00000	-4.00000
12.00000	17.00000
27.00000	25.00000
13.00000	13.00000
-5.00000	-12.00000
15.00000	9.00000
25.00000	24.00000
-28.00000	-30.00000
78.00000	73.00000
-5.00000	-5.00000
3.00000	-1.00000
3.00000	0.00000
-27.00000	-26.00000
-10.00000	-11.00000
-21.00000	-23.00000
13.00000	17.00000
9.00000	11.00000
-9.00000	-11.00000
20.00000	24.00000
34.00000	34.00000
10.00000	10.00000
-18.00000	-21.00000
30.00000	36.00000
-33.00000	-36.00000
10.00000	27.00000
-44.00000	-38.00000
14.00000	16.00000
-6.00000	-10.00000
44.00000	46.00000
14.00000	16.00000
-1.00000	-7.00000
-22.00000	-25.00000
15.00000	14.00000
-2.00000	-3.00000
-8.00000	-10.00000
33.00000	29.00000
15.00000	27.00000
58.00000	58.00000
27.00000	34.00000
29.00000	28.00000
26.00000	28.00000
27.00000	30.00000
32.00000	31.00000
-6.00000	-6.00000
-6.00000	-7.00000
-30.00000	-32.00000
-11.00000	-13.00000
-26.00000	-28.00000
0.00000	0.00000
36.00000	52.00000
-48.00000	-50.00000
-29.00000	-29.00000
-7.00000	-10.00000
36.00000	46.00000
-20.00000	-17.00000
-47.00000	-49.00000
-26.00000	-28.00000
94.00000	69.00000
49.00000	50.00000
47.00000	47.00000
55.00000	62.00000
-8.00000	-10.00000
-19.00000	-20.00000
-8.00000	-3.00000
-1.00000	2.00000
-5.00000	-7.00000
7.00000	14.00000
31.00000	31.00000
-68.00000	-83.00000
-15.00000	-20.00000
-4.00000	3.00000
-19.00000	-21.00000
5.00000	17.00000
-21.00000	-18.00000
-14.00000	-16.00000
-10.00000	-13.00000
54.00000	58.00000
53.00000	63.00000
-17.00000	-18.00000
-14.00000	-14.00000
37.00000	40.00000
23.00000	28.00000
-5.00000	-5.00000
-6.00000	-3.00000
-1.00000	-1.00000
-20.00000	-17.00000
-3.00000	1.00000
-21.00000	-17.00000
-67.00000	-76.00000
22.00000	24.00000
-45.00000	-50.00000
-2.00000	-2.00000
-21.00000	-22.00000
26.00000	37.00000
-1.00000	-1.00000
19.00000	14.00000
41.00000	46.00000
-16.00000	-12.00000
-14.00000	-14.00000
-2.00000	3.00000
5.00000	11.00000
18.00000	19.00000
-26.00000	-19.00000
21.00000	21.00000
0.00000	0.00000
14.00000	7.00000
64.00000	63.00000
14.00000	18.00000
-7.00000	-3.00000
37.00000	34.00000
-1.00000	-1.00000
37.00000	40.00000
49.00000	48.00000
54.00000	58.00000
53.00000	50.00000
-27.00000	-18.00000
-31.00000	-45.00000
-1.00000	-1.00000
51.00000	50.00000
22.00000	30.00000
-1.00000	14.00000
26.00000	17.00000
32.00000	39.00000
27.00000	30.00000
-21.00000	-22.00000
-9.00000	-7.00000
36.00000	38.00000
36.00000	36.00000
29.00000	32.00000
14.00000	7.00000
17.00000	19.00000
22.00000	18.00000
-5.00000	-1.00000
-8.00000	-6.00000
10.00000	6.00000
8.00000	12.00000
-19.00000	-25.00000
22.00000	23.00000
-9.00000	-2.00000
-1.00000	-1.00000
-11.00000	-13.00000
25.00000	26.00000
-3.00000	-3.00000
29.00000	34.00000
51.00000	54.00000
20.00000	20.00000
15.00000	13.00000
-8.00000	-3.00000
8.00000	12.00000
10.00000	15.00000
-12.00000	-7.00000
20.00000	15.00000
0.00000	0.00000
28.00000	23.00000
7.00000	5.00000
72.00000	60.00000
-1.00000	6.00000
26.00000	29.00000
43.00000	47.00000
45.00000	42.00000
39.00000	36.00000
45.00000	43.00000
55.00000	48.00000
8.00000	12.00000
-30.00000	-46.00000
37.00000	40.00000
30.00000	36.00000
16.00000	19.00000
20.00000	36.00000
17.00000	5.00000
43.00000	37.00000
26.00000	29.00000
-13.00000	-13.00000
-4.00000	3.00000
33.00000	34.00000
49.00000	48.00000
36.00000	41.00000
17.00000	19.00000
22.00000	24.00000
28.00000	32.00000
20.00000	21.00000
-17.00000	-20.00000
31.00000	31.00000
20.00000	15.00000
-16.00000	-17.00000
36.00000	40.00000
-15.00000	-19.00000
-5.00000	-5.00000
-25.00000	-26.00000
20.00000	13.00000
-15.00000	-15.00000
21.00000	15.00000
32.00000	38.00000
-3.00000	10.00000
12.00000	9.00000
-4.00000	-5.00000
12.00000	17.00000
11.00000	6.00000
-11.00000	-10.00000
21.00000	23.00000
-8.00000	-8.00000
-5.00000	-3.00000
2.00000	5.00000
32.00000	33.00000
71.00000	60.00000
-22.00000	-27.00000
-9.00000	-9.00000
25.00000	24.00000
34.00000	37.00000
34.00000	32.00000
32.00000	33.00000
23.00000	35.00000
-21.00000	-34.00000
-5.00000	-5.00000
15.00000	22.00000
-9.00000	-1.00000
43.00000	43.00000
-5.00000	-2.00000
23.00000	33.00000
-15.00000	-16.00000
14.00000	17.00000
-40.00000	-31.00000
14.00000	14.00000
30.00000	33.00000
22.00000	23.00000
-20.00000	-21.00000
-10.00000	-7.00000
30.00000	20.00000
13.00000	9.00000
-6.00000	-15.00000
28.00000	20.00000
13.00000	12.00000
-59.00000	-69.00000
10.00000	6.00000
-25.00000	-17.00000
-3.00000	-3.00000
-45.00000	-46.00000
-13.00000	-19.00000
-7.00000	-7.00000
6.00000	8.00000
-8.00000	-9.00000
20.00000	16.00000
9.00000	9.00000
16.00000	13.00000
14.00000	14.00000
12.00000	12.00000
-25.00000	-18.00000
-41.00000	-42.00000
-3.00000	-3.00000
4.00000	5.00000
-6.00000	-3.00000
4.00000	8.00000
12.00000	12.00000
82.00000	76.00000
-17.00000	-24.00000
-16.00000	-21.00000
5.00000	0.00000
-8.00000	-16.00000
-4.00000	0.00000
-17.00000	-25.00000
51.00000	42.00000
-8.00000	-14.00000
-23.00000	-22.00000
-79.00000	-87.00000
14.00000	22.00000
-52.00000	-53.00000
13.00000	16.00000
-28.00000	-30.00000
16.00000	19.00000
12.00000	13.00000
26.00000	25.00000
-7.00000	-11.00000
-6.00000	-1.00000
-10.00000	-5.00000
-18.00000	-23.00000
-58.00000	-66.00000
8.00000	12.00000
24.00000	21.00000
30.00000	21.00000
-1.00000	-12.00000
-15.00000	-20.00000
18.00000	16.00000
-14.00000	-22.00000
-7.00000	-8.00000
-42.00000	-44.00000
-21.00000	-10.00000
-27.00000	-30.00000
8.00000	4.00000
-21.00000	-22.00000
4.00000	-1.00000
38.00000	34.00000
25.00000	27.00000
12.00000	12.00000
7.00000	7.00000
12.00000	8.00000
-29.00000	-23.00000
-29.00000	-30.00000
-17.00000	-11.00000
-3.00000	3.00000
16.00000	13.00000
4.00000	9.00000
-41.00000	-43.00000
76.00000	93.00000
12.00000	23.00000
13.00000	16.00000
2.00000	5.00000
-5.00000	-6.00000
-5.00000	-10.00000
-38.00000	-44.00000
-22.00000	-24.00000
18.00000	25.00000
-7.00000	0.00000
7.00000	13.00000
17.00000	10.00000
-19.00000	-17.00000
-1.00000	-2.00000
29.00000	29.00000
10.00000	23.00000
-1.00000	2.00000
17.00000	15.00000
20.00000	24.00000
14.00000	10.00000
-20.00000	-29.00000
-41.00000	-35.00000
-8.00000	4.00000
30.00000	26.00000
17.00000	18.00000
0.00000	6.00000
-21.00000	-24.00000
45.00000	37.00000
-7.00000	-3.00000
-1.00000	-1.00000
18.00000	23.00000
13.00000	11.00000
38.00000	44.00000
19.00000	27.00000
38.00000	43.00000
32.00000	40.00000
-45.00000	-43.00000
25.00000	29.00000
25.00000	31.00000
20.00000	25.00000
17.00000	20.00000
7.00000	8.00000
-2.00000	-2.00000
0.00000	3.00000
49.00000	52.00000
40.00000	36.00000
44.00000	44.00000
-4.00000	-4.00000
-5.00000	-6.00000
65.00000	82.00000
33.00000	35.00000
-14.00000	-16.00000
12.00000	24.00000
11.00000	12.00000
-39.00000	-42.00000
-3.00000	-5.00000
14.00000	19.00000
-3.00000	2.00000
24.00000	37.00000
-4.00000	-12.00000
23.00000	12.00000
-9.00000	-10.00000
31.00000	33.00000
43.00000	52.00000
38.00000	42.00000
29.00000	28.00000
22.00000	16.00000
31.00000	31.00000
41.00000	45.00000
15.00000	25.00000
6.00000	-1.00000
9.00000	14.00000
28.00000	30.00000
-1.00000	1.00000
-19.00000	-19.00000
39.00000	35.00000
11.00000	5.00000
43.00000	47.00000
-4.00000	-5.00000
26.00000	27.00000
44.00000	44.00000
24.00000	27.00000
-7.00000	-7.00000
29.00000	26.00000
-15.00000	-18.00000
7.00000	11.00000
51.00000	43.00000
16.00000	25.00000
22.00000	12.00000
19.00000	14.00000
-2.00000	-2.00000
19.00000	18.00000
33.00000	30.00000
27.00000	29.00000
21.00000	26.00000
-7.00000	-7.00000
-2.00000	-2.00000
7.00000	8.00000
68.00000	66.00000
-31.00000	-31.00000
3.00000	4.00000
24.00000	24.00000
-19.00000	-22.00000
35.00000	45.00000
-3.00000	4.00000
1.00000	6.00000
21.00000	37.00000
-7.00000	17.00000
21.00000	24.00000
36.00000	43.00000
5.00000	7.00000
29.00000	35.00000
28.00000	35.00000
6.00000	8.00000
3.00000	4.00000
32.00000	31.00000
-21.00000	-24.00000
35.00000	27.00000
5.00000	6.00000
-13.00000	-13.00000
9.00000	13.00000
-2.00000	-1.00000
-31.00000	-30.00000
2.00000	9.00000
-45.00000	-56.00000
-3.00000	-3.00000
-9.00000	-10.00000
8.00000	4.00000
16.00000	21.00000
11.00000	11.00000
-20.00000	-24.00000
7.00000	4.00000
-15.00000	-15.00000
-48.00000	-50.00000
22.00000	22.00000
-2.00000	-1.00000
-8.00000	-10.00000
-2.00000	-5.00000
43.00000	46.00000
19.00000	17.00000
7.00000	12.00000
11.00000	6.00000
-13.00000	-9.00000
-14.00000	-16.00000
30.00000	31.00000
7.00000	11.00000
-26.00000	-23.00000
38.00000	61.00000
-21.00000	-26.00000
-10.00000	-9.00000
-44.00000	-60.00000
-5.00000	-5.00000
15.00000	24.00000
-2.00000	1.00000
33.00000	35.00000
-14.00000	-15.00000
18.00000	24.00000
-6.00000	-6.00000
-13.00000	-17.00000
-39.00000	-44.00000
12.00000	10.00000
10.00000	9.00000
17.00000	15.00000
-16.00000	-22.00000
5.00000	15.00000
2.00000	7.00000
15.00000	12.00000
-11.00000	-12.00000
25.00000	28.00000
5.00000	8.00000
-19.00000	-22.00000
36.00000	30.00000
-2.00000	4.00000
26.00000	33.00000
31.00000	40.00000
26.00000	31.00000
58.00000	57.00000
15.00000	20.00000
18.00000	23.00000
13.00000	16.00000
23.00000	19.00000
-12.00000	-3.00000
34.00000	40.00000
16.00000	21.00000
13.00000	9.00000
6.00000	1.00000
33.00000	37.00000
4.00000	11.00000
24.00000	39.00000
26.00000	28.00000
23.00000	26.00000
34.00000	42.00000
31.00000	40.00000
21.00000	30.00000
1.00000	9.00000
-46.00000	-48.00000
68.00000	59.00000
19.00000	22.00000
-3.00000	-7.00000
-4.00000	-4.00000
20.00000	24.00000
4.00000	4.00000
33.00000	47.00000
16.00000	15.00000
13.00000	13.00000
49.00000	51.00000
-2.00000	3.00000
32.00000	38.00000
35.00000	34.00000
18.00000	22.00000
29.00000	28.00000
8.00000	11.00000
23.00000	20.00000
17.00000	12.00000
-4.00000	-7.00000
5.00000	2.00000
-29.00000	-28.00000
-45.00000	-44.00000
-16.00000	-12.00000
-7.00000	-6.00000
-52.00000	-46.00000
-10.00000	-13.00000
-19.00000	-24.00000
2.00000	8.00000
-13.00000	-13.00000
12.00000	7.00000
18.00000	23.00000
8.00000	7.00000
-67.00000	-69.00000
-29.00000	-24.00000
-9.00000	-6.00000
-11.00000	-14.00000
-1.00000	-10.00000
-13.00000	-2.00000
-7.00000	-8.00000
12.00000	6.00000
11.00000	5.00000
0.00000	8.00000
-15.00000	-23.00000
-27.00000	-33.00000
-5.00000	-5.00000
-12.00000	-9.00000
-4.00000	-6.00000
-18.00000	-16.00000
13.00000	18.00000
69.00000	51.00000
-58.00000	-66.00000
-8.00000	-10.00000
-14.00000	-15.00000
-19.00000	-12.00000
39.00000	61.00000
-4.00000	1.00000
41.00000	44.00000
-7.00000	-11.00000
-50.00000	-54.00000
-63.00000	-64.00000
-6.00000	1.00000
11.00000	17.00000
-28.00000	-32.00000
-5.00000	-1.00000
19.00000	19.00000
16.00000	18.00000
-50.00000	-60.00000
-66.00000	-69.00000
-61.00000	-74.00000
-50.00000	-47.00000
-42.00000	-74.00000
-28.00000	-38.00000
-94.00000	-107.00000
-17.00000	-27.00000
-24.00000	-45.00000
-41.00000	-41.00000
-7.00000	-16.00000
-13.00000	-22.00000
-24.00000	-27.00000
-85.00000	-97.00000
-8.00000	-12.00000
-21.00000	-42.00000
-16.00000	-32.00000
-27.00000	-31.00000
-58.00000	-72.00000
-49.00000	-85.00000
-3.00000	-12.00000
-42.00000	-61.00000
-29.00000	-45.00000
-18.00000	-31.00000
-58.00000	-60.00000
-16.00000	-34.00000
-4.00000	-8.00000
-10.00000	-17.00000
-6.00000	-16.00000
-2.00000	-10.00000
12.00000	1.00000
-80.00000	-97.00000
81.00000	99.00000
-8.00000	-13.00000
-62.00000	-77.00000
-6.00000	-21.00000
-49.00000	-64.00000
-9.00000	-15.00000
-30.00000	-50.00000
-13.00000	-24.00000
-27.00000	-39.00000
-32.00000	-48.00000
-11.00000	-19.00000
-42.00000	-53.00000
-52.00000	-63.00000
-7.00000	-21.00000
-53.00000	-81.00000
-25.00000	-35.00000
4.00000	2.00000
-6.00000	-4.00000
7.00000	-2.00000
-36.00000	-38.00000
-25.00000	-27.00000
4.00000	12.00000
-27.00000	-29.00000
-14.00000	-14.00000
-3.00000	9.00000
-26.00000	-11.00000
-12.00000	-16.00000
-6.00000	-3.00000
-10.00000	-13.00000
11.00000	4.00000
29.00000	24.00000
26.00000	35.00000
-11.00000	-17.00000
14.00000	21.00000
6.00000	6.00000
-32.00000	-34.00000
12.00000	17.00000
-38.00000	-36.00000
14.00000	23.00000
9.00000	17.00000
20.00000	25.00000
-18.00000	-21.00000
-31.00000	-34.00000
26.00000	25.00000
-34.00000	-39.00000
-10.00000	-14.00000
15.00000	14.00000
15.00000	10.00000
15.00000	5.00000
80.00000	88.00000
29.00000	26.00000
2.00000	2.00000
-3.00000	10.00000
13.00000	9.00000
-23.00000	-21.00000
-29.00000	-32.00000
34.00000	35.00000
33.00000	30.00000
3.00000	4.00000
-27.00000	-31.00000
-7.00000	-16.00000
25.00000	20.00000
-10.00000	-11.00000
-41.00000	-37.00000
1.00000	4.00000
20.00000	17.00000
30.00000	38.00000
-1.00000	1.00000
-27.00000	-23.00000
38.00000	41.00000
-8.00000	-16.00000
-3.00000	-3.00000
5.00000	15.00000
2.00000	12.00000
0.00000	-1.00000
31.00000	30.00000
41.00000	34.00000
29.00000	30.00000
16.00000	15.00000
26.00000	22.00000
-17.00000	-17.00000
-10.00000	-9.00000
20.00000	13.00000
17.00000	16.00000
0.00000	0.00000
17.00000	20.00000
42.00000	38.00000
39.00000	37.00000
36.00000	45.00000
25.00000	27.00000
-1.00000	-2.00000
18.00000	18.00000
39.00000	37.00000
-12.00000	-13.00000
30.00000	29.00000
14.00000	18.00000
-32.00000	-41.00000
-5.00000	-6.00000
75.00000	65.00000
-16.00000	-19.00000
21.00000	33.00000
-4.00000	1.00000
14.00000	18.00000
-3.00000	-8.00000
26.00000	34.00000
41.00000	48.00000
29.00000	27.00000
15.00000	16.00000
23.00000	28.00000
8.00000	4.00000
0.00000	5.00000
4.00000	15.00000
3.00000	-1.00000
-37.00000	-37.00000
-14.00000	-6.00000
8.00000	6.00000
-18.00000	-20.00000
14.00000	14.00000
-17.00000	-16.00000
-4.00000	-6.00000
-46.00000	-39.00000
-9.00000	-5.00000
-14.00000	-16.00000
-13.00000	-12.00000
-10.00000	-13.00000
-6.00000	-4.00000
-9.00000	-3.00000
13.00000	20.00000
21.00000	28.00000
-23.00000	-25.00000
-14.00000	-27.00000
-26.00000	-24.00000
-7.00000	-9.00000
-40.00000	-38.00000
-9.00000	-5.00000
18.00000	20.00000
22.00000	17.00000
-49.00000	-58.00000
-31.00000	-31.00000
-7.00000	3.00000
-8.00000	-6.00000
-10.00000	-3.00000
-7.00000	-3.00000
14.00000	8.00000
-40.00000	-72.00000
-10.00000	-13.00000
-3.00000	-1.00000
81.00000	82.00000
-15.00000	-19.00000
-70.00000	-65.00000
5.00000	15.00000
-37.00000	-37.00000
30.00000	32.00000
-19.00000	-7.00000
-2.00000	-1.00000
12.00000	16.00000
-29.00000	-32.00000
-50.00000	-39.00000
-56.00000	-66.00000
-45.00000	-38.00000
-80.00000	-100.00000
-50.00000	-87.00000
-84.00000	-104.00000
-95.00000	-109.00000
-127.00000	-160.00000
-88.00000	-107.00000
-89.00000	-107.00000
-61.00000	-88.00000
-95.00000	-110.00000
-178.00000	-199.00000
-78.00000	-97.00000
-98.00000	-117.00000
-110.00000	-139.00000
-93.00000	-122.00000
-137.00000	-167.00000
-103.00000	-124.00000
-126.00000	-162.00000
-133.00000	-143.00000
-92.00000	-111.00000
-111.00000	-149.00000
-79.00000	-107.00000
-83.00000	-110.00000
-92.00000	-110.00000
-85.00000	-106.00000
-115.00000	-137.00000
-98.00000	-110.00000
-78.00000	-95.00000
-101.00000	-122.00000
-99.00000	-118.00000
-153.00000	-202.00000
-89.00000	-109.00000
-81.00000	-109.00000
-98.00000	-151.00000
-99.00000	-115.00000
-89.00000	-113.00000
-64.00000	-92.00000
7.00000	12.00000
-107.00000	-137.00000
-124.00000	-143.00000
-95.00000	-113.00000
-114.00000	-143.00000
-125.00000	-150.00000
-121.00000	-141.00000
-89.00000	-106.00000
-95.00000	-119.00000
-114.00000	-129.00000
-93.00000	-129.00000
-146.00000	-164.00000
-33.00000	-40.00000
3.00000	4.00000
12.00000	18.00000
8.00000	10.00000
-68.00000	-63.00000
3.00000	7.00000
-7.00000	-1.00000
-13.00000	-13.00000
-15.00000	-12.00000
17.00000	23.00000
-25.00000	-26.00000
-1.00000	-1.00000
-20.00000	-26.00000
16.00000	23.00000
-25.00000	-13.00000
-14.00000	-4.00000
18.00000	26.00000
5.00000	-3.00000
-21.00000	-20.00000
-31.00000	-21.00000
-11.00000	-11.00000
-4.00000	-1.00000
3.00000	-3.00000
13.00000	3.00000
13.00000	8.00000
-39.00000	-43.00000
-12.00000	-12.00000
-15.00000	-11.00000
2.00000	1.00000
-14.00000	-3.00000
-8.00000	-5.00000
21.00000	20.00000
20.00000	13.00000
-13.00000	-13.00000
-6.00000	1.00000
-59.00000	-44.00000
27.00000	52.00000
67.00000	52.00000
-17.00000	-15.00000
3.00000	13.00000
2.00000	6.00000
5.00000	5.00000
-3.00000	0.00000
-17.00000	-15.00000
0.00000	-6.00000
-18.00000	-14.00000
-30.00000	-36.00000
-82.00000	-74.00000
-37.00000	-30.00000
0.00000	3.00000
16.00000	28.00000
28.00000	25.00000
11.00000	5.00000
21.00000	25.00000
-31.00000	-30.00000
0.00000	0.00000
-18.00000	-21.00000
-16.00000	-8.00000
-3.00000	-3.00000
-17.00000	-18.00000
-2.00000	-2.00000
4.00000	6.00000
-16.00000	-5.00000
-13.00000	-7.00000
32.00000	33.00000
35.00000	29.00000
-39.00000	-36.00000
-31.00000	-34.00000
-2.00000	-2.00000
10.00000	9.00000
37.00000	31.00000
19.00000	21.00000
34.00000	39.00000
-1.00000	-4.00000
-23.00000	-24.00000
4.00000	2.00000
-5.00000	-1.00000
29.00000	39.00000
32.00000	26.00000
-20.00000	-18.00000
-18.00000	-37.00000
-29.00000	-30.00000
41.00000	40.00000
-13.00000	-10.00000
14.00000	27.00000
-34.00000	-33.00000
79.00000	63.00000
-31.00000	-34.00000
-5.00000	2.00000
28.00000	28.00000
33.00000	30.00000
33.00000	38.00000
13.00000	9.00000
20.00000	24.00000
-1.00000	-2.00000
-20.00000	-20.00000
0.00000	-1.00000
4.00000	20.00000
14.00000	22.00000
16.00000	8.00000
-43.00000	-47.00000
24.00000	17.00000
24.00000	33.00000
-7.00000	-9.00000
-45.00000	-47.00000
-18.00000	-7.00000
-30.00000	-30.00000
-10.00000	-11.00000
-8.00000	-9.00000
16.00000	13.00000
-15.00000	-21.00000
10.00000	11.00000
-8.00000	-10.00000
23.00000	20.00000
5.00000	-1.00000
-9.00000	-13.00000
-9.00000	-10.00000
3.00000	3.00000
11.00000	14.00000
25.00000	17.00000
24.00000	28.00000
-32.00000	-35.00000
-29.00000	-30.00000
-9.00000	-4.00000
-1.00000	4.00000
2.00000	2.00000
-11.00000	-9.00000
-9.00000	-9.00000
-43.00000	-52.00000
-18.00000	-18.00000
45.00000	38.00000
-5.00000	3.00000
18.00000	21.00000
17.00000	15.00000
-33.00000	-33.00000
91.00000	87.00000
30.00000	31.00000
38.00000	48.00000
3.00000	3.00000
13.00000	12.00000
22.00000	22.00000
4.00000	4.00000
-9.00000	-20.00000
-68.00000	-68.00000
19.00000	17.00000
-24.00000	-29.00000
-25.00000	-30.00000
-14.00000	-12.00000
-5.00000	-9.00000
25.00000	28.00000
-20.00000	-28.00000
0.00000	0.00000
-2.00000	-2.00000
11.00000	20.00000
0.00000	0.00000
12.00000	21.00000
42.00000	51.00000
-25.00000	-29.00000
-45.00000	-48.00000
-6.00000	-7.00000
-9.00000	-11.00000
2.00000	4.00000
-2.00000	3.00000
1.00000	-3.00000
0.00000	0.00000
22.00000	22.00000
-31.00000	-34.00000
8.00000	7.00000
-12.00000	-12.00000
0.00000	0.00000
-1.00000	-1.00000
38.00000	37.00000
26.00000	31.00000
-12.00000	-19.00000
19.00000	20.00000
-34.00000	-31.00000
-45.00000	-56.00000
0.00000	0.00000
43.00000	36.00000
22.00000	17.00000
-37.00000	-38.00000
-2.00000	-2.00000
-1.00000	2.00000
0.00000	0.00000
71.00000	78.00000
-21.00000	-21.00000
43.00000	38.00000
22.00000	25.00000
21.00000	25.00000
18.00000	18.00000
-10.00000	-15.00000
28.00000	30.00000
27.00000	23.00000
-24.00000	-22.00000
16.00000	15.00000
-34.00000	-27.00000
-12.00000	-21.00000
17.00000	23.00000
-23.00000	-29.00000
-6.00000	-7.00000
-20.00000	-23.00000
0.00000	7.00000
-5.00000	-5.00000
17.00000	21.00000
29.00000	38.00000
15.00000	21.00000
-6.00000	-6.00000
-16.00000	-11.00000
0.00000	0.00000
-11.00000	-12.00000
2.00000	1.00000
11.00000	16.00000
-2.00000	-3.00000
5.00000	4.00000
-3.00000	5.00000
1.00000	13.00000
-23.00000	-18.00000
-15.00000	-17.00000
32.00000	35.00000
0.00000	11.00000
21.00000	27.00000
-39.00000	-40.00000
20.00000	24.00000
-34.00000	-34.00000
-54.00000	-62.00000
-6.00000	-7.00000
1.00000	6.00000
-2.00000	-6.00000
21.00000	29.00000
0.00000	3.00000
34.00000	43.00000
17.00000	24.00000
-42.00000	-43.00000
72.00000	71.00000
12.00000	16.00000
16.00000	17.00000
8.00000	7.00000
10.00000	35.00000
15.00000	36.00000
10.00000	18.00000
7.00000	14.00000
0.00000	2.00000
31.00000	35.00000
-13.00000	-2.00000
-9.00000	-9.00000
27.00000	26.00000
-12.00000	-14.00000
84.00000	86.00000
5.00000	13.00000
-59.00000	-62.00000
90.00000	85.00000
16.00000	17.00000
-14.00000	-18.00000
12.00000	13.00000
27.00000	31.00000
31.00000	23.00000
-20.00000	-21.00000
17.00000	22.00000
18.00000	19.00000
9.00000	14.00000
91.00000	89.00000
21.00000	27.00000
17.00000	22.00000
38.00000	33.00000
16.00000	19.00000
77.00000	77.00000
18.00000	18.00000
30.00000	26.00000
20.00000	18.00000
-23.00000	-25.00000
23.00000	31.00000
18.00000	23.00000
-6.00000	-12.00000
21.00000	21.00000
33.00000	37.00000
-16.00000	-8.00000
18.00000	36.00000
-10.00000	-9.00000
19.00000	17.00000
41.00000	41.00000
-3.00000	-3.00000
15.00000	20.00000
61.00000	71.00000
34.00000	29.00000
31.00000	28.00000
17.00000	17.00000
10.00000	13.00000
31.00000	40.00000
7.00000	2.00000
23.00000	24.00000
8.00000	-2.00000
0.00000	1.00000
-13.00000	-17.00000
32.00000	37.00000
16.00000	14.00000
-1.00000	-1.00000
-12.00000	-13.00000
6.00000	11.00000
-3.00000	-3.00000
27.00000	24.00000
-1.00000	-2.00000
30.00000	34.00000
30.00000	26.00000
26.00000	18.00000
38.00000	39.00000
29.00000	39.00000
12.00000	14.00000
-14.00000	-7.00000
-1.00000	-1.00000
12.00000	15.00000
28.00000	33.00000
28.00000	38.00000
32.00000	32.00000
-4.00000	-4.00000
-8.00000	-8.00000
3.00000	3.00000
30.00000	23.00000
-15.00000	-16.00000
35.00000	43.00000
-2.00000	7.00000
3.00000	-2.00000
-17.00000	-17.00000
21.00000	24.00000
-18.00000	-23.00000
19.00000	40.00000
-11.00000	-4.00000
-19.00000	-14.00000
-9.00000	-9.00000
-25.00000	-27.00000
21.00000	21.00000
36.00000	32.00000
72.00000	77.00000
10.00000	10.00000
36.00000	28.00000
26.00000	30.00000
28.00000	31.00000
33.00000	32.00000
-15.00000	-7.00000
49.00000	59.00000
10.00000	11.00000
-19.00000	-24.00000
49.00000	51.00000
30.00000	27.00000
0.00000	0.00000
-3.00000	-3.00000
-14.00000	-20.00000
-5.00000	-5.00000
16.00000	16.00000
-6.00000	-6.00000
59.00000	54.00000
30.00000	25.00000
47.00000	50.00000
-3.00000	-3.00000
41.00000	48.00000
45.00000	47.00000
-14.00000	-19.00000
-2.00000	-2.00000
-15.00000	-16.00000
54.00000	62.00000
53.00000	55.00000
44.00000	50.00000
-3.00000	-4.00000
0.00000	0.00000
-30.00000	-31.00000
-4.00000	-6.00000
0.00000	-1.00000
13.00000	19.00000
10.00000	3.00000
-62.00000	-73.00000
-1.00000	-2.00000
-22.00000	-22.00000
-10.00000	-14.00000
-34.00000	-34.00000
-31.00000	-32.00000
-3.00000	-4.00000
-5.00000	-5.00000
61.00000	64.00000
17.00000	26.00000
-9.00000	-11.00000
-1.00000	-2.00000
74.00000	72.00000
-20.00000	-20.00000
-2.00000	-2.00000
-20.00000	-23.00000
28.00000	31.00000
-24.00000	-15.00000
55.00000	56.00000
27.00000	28.00000
-12.00000	-11.00000
49.00000	50.00000
-46.00000	-51.00000
0.00000	0.00000
-1.00000	-3.00000
-22.00000	-23.00000
-1.00000	-2.00000
-7.00000	-10.00000
-2.00000	-2.00000
33.00000	32.00000
46.00000	44.00000
-10.00000	-12.00000
-4.00000	-6.00000
42.00000	40.00000
4.00000	8.00000
-14.00000	-14.00000
0.00000	0.00000
-31.00000	-31.00000
14.00000	29.00000
38.00000	45.00000
-34.00000	-30.00000
-16.00000	-22.00000
-2.00000	-2.00000
3.00000	5.00000
21.00000	25.00000
-12.00000	-13.00000
-12.00000	-12.00000
15.00000	23.00000
-19.00000	-30.00000
0.00000	-1.00000
-19.00000	-19.00000
-13.00000	-23.00000
-30.00000	-30.00000
-26.00000	-28.00000
0.00000	-1.00000
0.00000	0.00000
54.00000	58.00000
66.00000	80.00000
-17.00000	-18.00000
-8.00000	-8.00000
-12.00000	-15.00000
86.00000	77.00000
0.00000	0.00000
-19.00000	-21.00000
-15.00000	-24.00000
-28.00000	-39.00000
-16.00000	-21.00000
10.00000	3.00000
-35.00000	-49.00000
4.00000	2.00000
-16.00000	-25.00000
0.00000	0.00000
-23.00000	-29.00000
4.00000	9.00000
0.00000	0.00000
20.00000	24.00000
0.00000	0.00000
-31.00000	-32.00000
6.00000	18.00000
30.00000	31.00000
-1.00000	11.00000
24.00000	27.00000
-15.00000	-26.00000
-4.00000	-8.00000
0.00000	0.00000
1.00000	1.00000
2.00000	7.00000
30.00000	29.00000
-27.00000	-36.00000
-17.00000	-17.00000
-2.00000	-3.00000
21.00000	20.00000
24.00000	28.00000
-6.00000	-8.00000
-7.00000	-12.00000
-25.00000	-31.00000
-4.00000	-17.00000
40.00000	51.00000
17.00000	17.00000
-60.00000	-70.00000
-45.00000	-49.00000
-16.00000	-19.00000
-12.00000	-16.00000
-3.00000	-5.00000
40.00000	42.00000
34.00000	54.00000
22.00000	24.00000
-6.00000	-8.00000
28.00000	25.00000
17.00000	20.00000
69.00000	71.00000
-50.00000	-56.00000
31.00000	23.00000
2.00000	6.00000
23.00000	17.00000
-11.00000	0.00000
-25.00000	-26.00000
2.00000	12.00000
1.00000	9.00000
-1.00000	-1.00000
-51.00000	-54.00000
-17.00000	-24.00000
22.00000	24.00000
13.00000	7.00000
-16.00000	-18.00000
-1.00000	3.00000
-27.00000	-21.00000
-5.00000	3.00000
17.00000	14.00000
7.00000	6.00000
14.00000	9.00000
0.00000	3.00000
-3.00000	-3.00000
22.00000	22.00000
20.00000	11.00000
9.00000	3.00000
22.00000	28.00000
-23.00000	-23.00000
-22.00000	-24.00000
-2.00000	-11.00000
1.00000	6.00000
-45.00000	-49.00000
0.00000	14.00000
27.00000	23.00000
-50.00000	-66.00000
-19.00000	-23.00000
5.00000	17.00000
-48.00000	-48.00000
51.00000	55.00000
-90.00000	-86.00000
-28.00000	-25.00000
-42.00000	-43.00000
-3.00000	4.00000
-9.00000	-6.00000
40.00000	38.00000
17.00000	18.00000
11.00000	16.00000
-16.00000	-13.00000
-47.00000	-53.00000
71.00000	85.00000
